match,match_weight,repo_url,repo_full_name,repo_id
CVE-2015-1328,1.00000000,https://github.com/ramyardaneshgar/THM-Writeup-Linux-Privilege-Escalation,ramyardaneshgar/THM-Writeup-Linux-Privilege-Escalation,951632979
CVE-2015-1328,1.00000000,https://github.com/devtz007/overlayfs_CVE-2015-1328,devtz007/overlayfs_CVE-2015-1328,894920261
CVE-2015-1328,1.00000000,https://github.com/YastrebX/CVE-2015-1328,YastrebX/CVE-2015-1328,887373870
CVE-2015-1328,1.00000000,https://github.com/BlackFrog-hub/cve-2015-1328,BlackFrog-hub/cve-2015-1328,827853827
CVE-2015-1328,1.00000000,https://github.com/pnasis/exploits,pnasis/exploits,639002928
CVE-2015-1328,1.00000000,https://github.com/thegoodpirate/exploits,thegoodpirate/exploits,523273459
CVE-2015-1328,1.00000000,https://github.com/poxicity/CVE-2015-1328,poxicity/CVE-2015-1328,522797645
CVE-2015-1328,1.00000000,https://github.com/yaguine/0day,yaguine/0day,508274708
CVE-2015-1328,1.00000000,https://github.com/tracrium/sploits,tracrium/sploits,487282865
CVE-2015-1328,1.00000000,https://github.com/elit3pwner/CVE-2015-1328-GoldenEye,elit3pwner/CVE-2015-1328-GoldenEye,456466014
CVE-2015-1328,1.00000000,https://github.com/notlikethis/CVE-2015-1328,notlikethis/CVE-2015-1328,380605973
CVE-2015-1328,1.00000000,https://github.com/SR7-HACKING/LINUX-VULNERABILITY-CVE-2015-1328,SR7-HACKING/LINUX-VULNERABILITY-CVE-2015-1328,263399326
CVE-2015-1328,1.00000000,https://github.com/16667/Metasploitable-3-CTF,16667/Metasploitable-3-CTF,114000852
CVE-2015-1328,0.50000000,https://github.com/PacktPublishing/The-Complete-Metasploit-Guide,PacktPublishing/The-Complete-Metasploit-Guide,191297282
CVE-2015-1328,0.50000000,https://github.com/PacktPublishing/Mastering-Metasploit-Third-Edition,PacktPublishing/Mastering-Metasploit-Third-Edition,134664571
CVE-2015-1328,0.50000000,https://github.com/Buffer0x7cd/Exploits.,Buffer0x7cd/Exploits.,81368772
CVE-2015-1328,0.50000000,https://github.com/nipunjaswal/Mastering-Metasploit,nipunjaswal/Mastering-Metasploit,15568738
CVE-2015-1328,0.33333333,https://github.com/YashSaxena75/exploit-codes,YashSaxena75/exploit-codes,215898723
CVE-2015-1328,0.25000000,https://github.com/JeffAllen714/MatrixScan,JeffAllen714/MatrixScan,943473726
CVE-2015-1328,0.25000000,https://github.com/njnelso/Exploits,njnelso/Exploits,546716408
CVE-2015-1328,0.25000000,https://github.com/robhughes72/Exploits,robhughes72/Exploits,316576919
CVE-2015-1328,0.20000000,https://github.com/sarperavci/ExploitMe,sarperavci/ExploitMe,912345319
CVE-2015-1328,0.16666667,https://github.com/shellkraft/LinPeek,shellkraft/LinPeek,965594087
CVE-2015-1328,0.14285714,https://github.com/s-leonhardt/THM-0day,s-leonhardt/THM-0day,443985007
CVE-2015-1328,0.11111111,https://github.com/SheLovesLqwid/LPEAssessor,SheLovesLqwid/LPEAssessor,955767125
CVE-2015-1328,0.11111111,https://github.com/ParzivalHack/LPEAssessor,ParzivalHack/LPEAssessor,948533050
CVE-2015-1328,0.11111111,https://github.com/venomhacking/zeroday.io,venomhacking/zeroday.io,583380319
CVE-2015-1328,0.11111111,https://github.com/Ankit89234/local_privilage_exploits,Ankit89234/local_privilage_exploits,36717184
CVE-2015-1328,0.09090909,https://github.com/evait-security/ClickNRoot,evait-security/ClickNRoot,84323879
CVE-2015-1328,0.08333333,https://github.com/WMDA/ctf,WMDA/ctf,485420838
CVE-2015-1328,0.06250000,https://github.com/m3n0sd0n4ld/m3n0sd0n4ld.github.io,m3n0sd0n4ld/m3n0sd0n4ld.github.io,370665829
CVE-2015-1328,0.06250000,https://github.com/xyongcn/exploit,xyongcn/exploit,96972976
CVE-2015-1328,0.05263158,https://github.com/whiterose7777/Exploit-Karnel,whiterose7777/Exploit-Karnel,886768447
CVE-2015-1328,0.05263158,https://github.com/s3mPr1linux/KERNEL_EXPLOITS_01,s3mPr1linux/KERNEL_EXPLOITS_01,740334749
CVE-2015-1328,0.05263158,https://github.com/mtthwstffrd/lucyoa-kernel-exploits,mtthwstffrd/lucyoa-kernel-exploits,471099486
CVE-2015-1328,0.05263158,https://github.com/ByteHackr/Kernel-Exploits,ByteHackr/Kernel-Exploits,98195261
CVE-2015-1328,0.05263158,https://github.com/lucyoa/kernel-exploits,lucyoa/kernel-exploits,88852338
CVE-2015-1328,0.05000000,https://github.com/disastrpc/exploits,disastrpc/exploits,309000659
CVE-2015-1328,0.05000000,https://github.com/triplekill/NixSploitCollection,triplekill/NixSploitCollection,57188653
CVE-2015-1328,0.04761905,https://github.com/DF1sh/TryHackMe-Rooms,DF1sh/TryHackMe-Rooms,843262740
CVE-2015-1328,0.03571429,https://github.com/pxcs/CVE-29343-Sysmon-list,pxcs/CVE-29343-Sysmon-list,785288758
CVE-2015-1328,0.03225806,https://github.com/ebrahimghiasi/Localroot-Compile,ebrahimghiasi/Localroot-Compile,428723535
CVE-2015-1328,0.02564103,https://github.com/p00h00/linux-exploits,p00h00/linux-exploits,103725108
CVE-2015-1328,0.02272727,https://github.com/spencerdodd/kernelpop,spencerdodd/kernelpop,107932322
CVE-2015-1328,0.02127660,https://github.com/h4x0r-dz/local-root-exploit-,h4x0r-dz/local-root-exploit-,102175187
CVE-2015-1328,0.02083333,https://github.com/redteam-project/exploit-curation,redteam-project/exploit-curation,171369204
CVE-2015-1328,0.01785714,https://github.com/TfLizard0x1/linuxkernelexploit,TfLizard0x1/linuxkernelexploit,312652918
CVE-2015-1328,0.01785714,https://github.com/Singlea-lyh/linux-kernel-exploits,Singlea-lyh/linux-kernel-exploits,116128585
CVE-2015-1328,0.01785714,https://github.com/Feng4/linux-kernel-exploits,Feng4/linux-kernel-exploits,107490695
CVE-2015-1328,0.01785714,https://github.com/C0dak/linux-kernel-exploits,C0dak/linux-kernel-exploits,103401085
CVE-2015-1328,0.01785714,https://github.com/chousensha/linux_privcheck,chousensha/linux_privcheck,19279597
CVE-2015-1328,0.01754386,https://github.com/R0B1NL1N/Linux-Kernel-Exploites,R0B1NL1N/Linux-Kernel-Exploites,124865217
CVE-2015-1328,0.01754386,https://github.com/m0mkris/linux-kernel-exploits,m0mkris/linux-kernel-exploits,124364667
CVE-2015-1328,0.01754386,https://github.com/copperfieldd/linux-kernel-exploits,copperfieldd/linux-kernel-exploits,109945265
CVE-2015-1328,0.01754386,https://github.com/Shadowshusky/linux-kernel-exploits,Shadowshusky/linux-kernel-exploits,109913930
CVE-2015-1328,0.01724138,https://github.com/KeepWannabe/Localroot-All-CVE,KeepWannabe/Localroot-All-CVE,123914436
CVE-2015-1328,0.01639344,https://github.com/password520/linux-kernel-exploits,password520/linux-kernel-exploits,477354860
CVE-2015-1328,0.01639344,https://github.com/zyjsuper/linux-kernel-exploits,zyjsuper/linux-kernel-exploits,148878579
CVE-2015-1328,0.01639344,https://github.com/ozkanbilge/Linux-Kernel-Exploits,ozkanbilge/Linux-Kernel-Exploits,146101949
CVE-2015-1328,0.01639344,https://github.com/s0wr0b1ndef/Linux-Kernal-Exploits-m-,s0wr0b1ndef/Linux-Kernal-Exploits-m-,134377032
CVE-2015-1328,0.01639344,https://github.com/xssfile/linux-kernel-exploits,xssfile/linux-kernel-exploits,130304966
CVE-2015-1328,0.01587302,https://github.com/alian87/linux-kernel-exploits,alian87/linux-kernel-exploits,653806180
CVE-2015-1328,0.01587302,https://github.com/kumardineshwar/linux-kernel-exploits,kumardineshwar/linux-kernel-exploits,260936132
CVE-2015-1328,0.01587302,https://github.com/xfinest/linux-kernel-exploits,xfinest/linux-kernel-exploits,237788801
CVE-2015-1328,0.01587302,https://github.com/distance-vector/linux-kernel-exploits,distance-vector/linux-kernel-exploits,234452917
CVE-2015-1328,0.01587302,https://github.com/yige666/linux-kernel-exploits,yige666/linux-kernel-exploits,221877064
CVE-2015-1328,0.01587302,https://github.com/Micr067/linux-kernel-exploits,Micr067/linux-kernel-exploits,217222844
CVE-2015-1328,0.01587302,https://github.com/SecWiki/linux-kernel-exploits,SecWiki/linux-kernel-exploits,89318964
CVE-2015-1328,0.01470588,https://github.com/vmarius12/linux-root-exploit-suggester,vmarius12/linux-root-exploit-suggester,115786720
CVE-2015-1328,0.01315789,https://github.com/JustYoomoon/Exploit,JustYoomoon/Exploit,353548946
CVE-2015-1328,0.01282051,https://github.com/tasin-zucced/LinuxPrivEsc,tasin-zucced/LinuxPrivEsc,700476117
CVE-2015-1328,0.01219512,https://github.com/Sma-Das/TryHackMe,Sma-Das/TryHackMe,382572363
CVE-2015-1328,0.01219512,https://github.com/unusualwork/linux-exploit-suggester,unusualwork/linux-exploit-suggester,149447387
CVE-2015-1328,0.01204819,https://github.com/joker2a/Privesc,joker2a/Privesc,250345076
CVE-2015-1328,0.01204819,https://github.com/mungurk/linux-exploit-suggester.sh,mungurk/linux-exploit-suggester.sh,153854182
CVE-2015-1328,0.01190476,https://github.com/hacktoor1/Spider-Security,hacktoor1/Spider-Security,820883002
CVE-2015-1328,0.01190476,https://github.com/devman-123/linux-exploit-finder,devman-123/linux-exploit-finder,155703293
CVE-2015-1328,0.01190476,https://github.com/Cyber-Ghosts/Exploit-Tool-Tips-Archive,Cyber-Ghosts/Exploit-Tool-Tips-Archive,153452771
CVE-2015-1328,0.01123596,https://github.com/emranh/exploits,emranh/exploits,179839319
CVE-2015-1328,0.01086957,https://github.com/vlain1337/auto-lpe,vlain1337/auto-lpe,846631596
CVE-2015-1328,0.01086957,https://github.com/HaxorSecInfec/autoroot.sh,HaxorSecInfec/autoroot.sh,813855317
CVE-2015-1328,0.01000000,https://github.com/stefanocutelle/linux-exploit-suggester,stefanocutelle/linux-exploit-suggester,248789568
CVE-2015-1328,0.00990099,https://github.com/84KaliPleXon3/linux-exploit-suggester,84KaliPleXon3/linux-exploit-suggester,259541565
CVE-2015-1328,0.00990099,https://github.com/Snoopy-Sec/Localroot-ALL-CVE,Snoopy-Sec/Localroot-ALL-CVE,237728869
CVE-2015-1328,0.00980392,https://github.com/Realradioactive/archive-linux-exploit-suggester-master,Realradioactive/archive-linux-exploit-suggester-master,271383912
CVE-2015-1328,0.00952381,https://github.com/3hydraking/linux-exploit-suggester,3hydraking/linux-exploit-suggester,377773319
CVE-2015-1328,0.00943396,https://github.com/febinrev/rshellz,febinrev/rshellz,202878578
CVE-2015-1328,0.00934579,https://github.com/zputty/Linux-Exploit-Suggester,zputty/Linux-Exploit-Suggester,435836205
CVE-2015-1328,0.00925926,https://github.com/0x1mahmoud/Vuln-Kernel,0x1mahmoud/Vuln-Kernel,471643224
CVE-2015-1328,0.00925926,https://github.com/mtthwstffrd/mzet-linux-exploit-suggester,mtthwstffrd/mzet-linux-exploit-suggester,470803524
CVE-2015-1328,0.00925926,https://github.com/retr0-13/linux_exploit_suggester,retr0-13/linux_exploit_suggester,468328547
CVE-2015-1328,0.00917431,https://github.com/ParkerMcI/Exploits,ParkerMcI/Exploits,515173365
CVE-2015-1328,0.00917431,https://github.com/LucidOfficial/Linux-exploit-suggestor,LucidOfficial/Linux-exploit-suggestor,504977912
CVE-2015-1328,0.00900901,https://github.com/bikash88588/linux-exploit-suggester.sh,bikash88588/linux-exploit-suggester.sh,942608456
CVE-2015-1328,0.00900901,https://github.com/sudo-subho/exploit-suggester,sudo-subho/exploit-suggester,847207968
CVE-2015-1328,0.00900901,https://github.com/hearsecurity/Exploits,hearsecurity/Exploits,763018096
CVE-2015-1328,0.00900901,https://github.com/pradeepavula/Linux-Exploits-LES-,pradeepavula/Linux-Exploits-LES-,762989519
CVE-2015-1328,0.00900901,https://github.com/rahulramesh96/Exploitsug,rahulramesh96/Exploitsug,591194487
CVE-2015-1328,0.00900901,https://github.com/fei9747/linux-exploit-suggester,fei9747/linux-exploit-suggester,572319879
CVE-2015-1328,0.00900901,https://github.com/rodrigosilvaluz/linux-exploit-suggester,rodrigosilvaluz/linux-exploit-suggester,548060791
CVE-2015-1328,0.00900901,https://github.com/mathsslong/linux-exploit,mathsslong/linux-exploit,483231698
CVE-2015-1328,0.00900901,https://github.com/mzet-/linux-exploit-suggester,mzet-/linux-exploit-suggester,70196342
CVE-2015-1328,0.00884956,https://github.com/ywoak/Boot2Root,ywoak/Boot2Root,586991072
CVE-2015-1328,0.00884956,https://github.com/mazen160/shennina,mazen160/shennina,563240093
CVE-2015-1328,0.00869565,https://github.com/a-roshbaik/Linux-Privilege-Escalation-Exploits,a-roshbaik/Linux-Privilege-Escalation-Exploits,831528999
CVE-2015-1328,0.00826446,https://github.com/jm33-m0/emp3r0r,jm33-m0/emp3r0r,236146680
CVE-2015-1328,0.00813008,https://github.com/willardivan/25-Critical-CVEs,willardivan/25-Critical-CVEs,647060047
CVE-2015-1328,0.00719424,https://github.com/febinrev/privesc-post_exploit-collection,febinrev/privesc-post_exploit-collection,256685535
CVE-2015-1328,0.00675676,https://github.com/hackingyseguridad/root,hackingyseguridad/root,85235075
CVE-2015-1328,0.00641026,https://github.com/limitedeternity/HackTheBox,limitedeternity/HackTheBox,304432619
CVE-2015-1328,0.00628931,https://github.com/tobor88/PayloadSiteForPenTesters,tobor88/PayloadSiteForPenTesters,231986361
CVE-2015-1328,0.00588235,https://github.com/s0wr0b1ndef/Active-Directory-Exploitation-,s0wr0b1ndef/Active-Directory-Exploitation-,293183436
CVE-2015-1328,0.00588235,https://github.com/Integration-IT/Active-Directory-Exploitation-Cheat-Sheet,Integration-IT/Active-Directory-Exploitation-Cheat-Sheet,267698986
CVE-2015-1328,0.00561798,https://github.com/Coldwave96/PocLibrary,Coldwave96/PocLibrary,289505825
CVE-2015-1328,0.00534759,https://github.com/1nj3ct10n/HackTheBox,1nj3ct10n/HackTheBox,460447187
CVE-2015-1328,0.00520833,https://github.com/takuzoo3868/penta,takuzoo3868/penta,194363794
CVE-2015-1328,0.00476190,https://github.com/milo2012/metasploitHelper,milo2012/metasploitHelper,29098699
CVE-2015-1328,0.00386100,https://github.com/a2148001284/Vulnerability_POC-EXP,a2148001284/Vulnerability_POC-EXP,822077566
CVE-2015-1328,0.00386100,https://github.com/Karmaz95/crimson_lisp,Karmaz95/crimson_lisp,503106685
CVE-2015-1328,0.00362319,https://github.com/cys3c/viper-shell,cys3c/viper-shell,94091391
CVE-2015-1328,0.00290698,https://github.com/Xcod3bughunt3r/Windows-ActiveDirectoryExploitation,Xcod3bughunt3r/Windows-ActiveDirectoryExploitation,591572508
CVE-2015-1328,0.00290698,https://github.com/H4CK3RT3CH/Active-Directory-Exploitation-Cheat-Sheet,H4CK3RT3CH/Active-Directory-Exploitation-Cheat-Sheet,547297075
CVE-2015-1328,0.00290698,https://github.com/Mo-ku/AD-Exploitation-Cheatsheet,Mo-ku/AD-Exploitation-Cheatsheet,473828248
CVE-2015-1328,0.00280899,https://github.com/wukong-bin/PeiQi-0day,wukong-bin/PeiQi-0day,465142654
CVE-2015-1328,0.00274725,https://github.com/chenxianshen789/0day,chenxianshen789/0day,808071258
CVE-2015-1328,0.00274725,https://github.com/GGStudy-DDUp/0day,GGStudy-DDUp/0day,541448279
CVE-2015-1328,0.00274725,https://github.com/fei9747/0day-1,fei9747/0day-1,515816665
CVE-2015-1328,0.00274725,https://github.com/Micr067/0day,Micr067/0day,504727514
CVE-2015-1328,0.00274725,https://github.com/takeboy/https-github.com-Lucifer1993-0day,takeboy/https-github.com-Lucifer1993-0day,476586810
CVE-2015-1328,0.00274725,https://github.com/helloexp/0day,helloexp/0day,106411071
CVE-2015-1328,0.00262467,https://github.com/mikaelkall/HackingAllTheThings,mikaelkall/HackingAllTheThings,150547417
CVE-2015-1328,0.00248756,https://github.com/tonyarris/srv,tonyarris/srv,550434370
CVE-2015-1328,0.00248139,https://github.com/helloexp/0day,helloexp/0day,478826386
CVE-2015-1328,0.00233100,https://github.com/yonggui-li/CVE-2020-4464-and-CVE-2020-4450,yonggui-li/CVE-2020-4464-and-CVE-2020-4450,493475207
CVE-2015-1328,0.00164474,https://github.com/zzqq0212/Sunflower,zzqq0212/Sunflower,790017610
CVE-2015-1328,0.00163934,https://github.com/askumbhojkar/Exploits,askumbhojkar/Exploits,291467140
CVE-2015-1328,0.00163934,https://github.com/gottburgm/Exploits,gottburgm/Exploits,106810179
CVE-2015-1328,0.00163666,https://github.com/v-kkz/CVE-exploits,v-kkz/CVE-exploits,550639048
CVE-2015-1328,0.00163666,https://github.com/winterwolf32/CVE_Exploits-,winterwolf32/CVE_Exploits-,504265084
CVE-2015-1328,0.00063939,https://github.com/maxamin/exploitpack-from-an-APT-infrastructure,maxamin/exploitpack-from-an-APT-infrastructure,460082165
CVE-2015-1328,0.00050327,https://github.com/rg-13/BetterSploit,rg-13/BetterSploit,423256511
CVE-2015-1328,0.00049044,https://github.com/0xT11/CVE-POC,0xT11/CVE-POC,300646632
CVE-2015-1328,0.00048520,https://github.com/droopycleava/go-msfdb,droopycleava/go-msfdb,940276425
CVE-2015-1328,0.00048520,https://github.com/vulsio/go-msfdb,vulsio/go-msfdb,241559906
CVE-2015-1328,0.00037707,https://github.com/kaRaGODDD/Cve-with-their-PoC-s,kaRaGODDD/Cve-with-their-PoC-s,750837859
CVE-2015-1328,0.00031162,https://github.com/zgimszhd61/CVE-PoC-ThreatHub,zgimszhd61/CVE-PoC-ThreatHub,879256343
CVE-2015-1328,0.00030741,https://github.com/AlanFoster/metasploit-docs-spike,AlanFoster/metasploit-docs-spike,262667812
CVE-2015-1328,0.00028185,https://github.com/NaInSec/CVE-PoC-in-GitHub,NaInSec/CVE-PoC-in-GitHub,776065052
CVE-2015-1328,0.00027152,https://github.com/rix4uni/cvemapping,rix4uni/cvemapping,871548433
CVE-2015-1328,0.00026413,https://github.com/merlinepedra25/mad-metasploit,merlinepedra25/mad-metasploit,511047581
CVE-2015-1328,0.00026413,https://github.com/merlinepedra/mad-metasploit,merlinepedra/mad-metasploit,511047516
CVE-2015-1328,0.00026406,https://github.com/hahwul/mad-metasploit,hahwul/mad-metasploit,102696209
CVE-2015-1328,0.00026082,https://github.com/sombochea/metasploit-framework,sombochea/metasploit-framework,74813719
CVE-2015-1328,0.00026082,https://github.com/H0tcha/msfdev,H0tcha/msfdev,74054819
CVE-2015-1328,0.00026069,https://github.com/Elinpf/Metasploit,Elinpf/Metasploit,77102966
CVE-2015-1328,0.00026048,https://github.com/r3p3r/nixawk-metasploit-framework,r3p3r/nixawk-metasploit-framework,115908849
CVE-2015-1328,0.00026042,https://github.com/bonsaiuser/https-github.com-rapid7-metasploit-framework,bonsaiuser/https-github.com-rapid7-metasploit-framework,79446331
CVE-2015-1328,0.00025733,https://github.com/syokake/metasploit-framework,syokake/metasploit-framework,91141820
CVE-2015-1328,0.00025628,https://github.com/kongjiexi/metasploit,kongjiexi/metasploit,95047982
CVE-2015-1328,0.00025628,https://github.com/CKmaenn/metasploit-framework,CKmaenn/metasploit-framework,94964125
CVE-2015-1328,0.00025628,https://github.com/guard3rd/metasploit-framework,guard3rd/metasploit-framework,94722261
CVE-2015-1328,0.00025530,https://github.com/Capa-cc/metasploit-framework,Capa-cc/metasploit-framework,100185934
CVE-2015-1328,0.00025432,https://github.com/xfinest/metasploit-framework,xfinest/metasploit-framework,112618794
CVE-2015-1328,0.00025407,https://github.com/Fadila82/metasploit-framework-lorcon2,Fadila82/metasploit-framework-lorcon2,161615170
CVE-2015-1328,0.00025253,https://github.com/porthunter/gosploit,porthunter/gosploit,121117713
CVE-2015-1328,0.00025221,https://github.com/fortify24x7/metasploit-framework,fortify24x7/metasploit-framework,117659658
CVE-2015-1328,0.00025006,https://github.com/FoxxyOS/metasploit,FoxxyOS/metasploit,131737299
CVE-2015-1328,0.00024050,https://github.com/TAplutos/autosploit,TAplutos/autosploit,715864568
CVE-2015-1328,0.00024027,https://github.com/mayanksomani24/metasploit,mayanksomani24/metasploit,119640123
CVE-2015-1328,0.00023998,https://github.com/Buzzkillhardball667/metasploit,Buzzkillhardball667/metasploit,120897043
CVE-2015-1328,0.00023872,https://github.com/simplyhippy/metasploits,simplyhippy/metasploits,149896295
CVE-2015-1328,0.00023798,https://github.com/snskiff/metasploit-framework,snskiff/metasploit-framework,126784216
CVE-2015-1328,0.00023759,https://github.com/iagox86/metasploit-framework-webexec,iagox86/metasploit-framework-webexec,153523335
CVE-2015-1328,0.00023702,https://github.com/warecrer/metasploit-framework,warecrer/metasploit-framework,158476668
CVE-2015-1328,0.00023685,https://github.com/aresmart/MetaExploit,aresmart/MetaExploit,159245187
CVE-2015-1328,0.00023669,https://github.com/snskiff/metasploit-framework__1,snskiff/metasploit-framework__1,133930484
CVE-2015-1328,0.00023646,https://github.com/mdand2000/rapid7-metasploit-framework,mdand2000/rapid7-metasploit-framework,134903460
CVE-2015-1328,0.00023646,https://github.com/RuZGaRBeY/metasploit-framework,RuZGaRBeY/metasploit-framework,134635059
CVE-2015-1328,0.00023602,https://github.com/shahnwazsheikh00/metasploit-framework,shahnwazsheikh00/metasploit-framework,162744394
CVE-2015-1328,0.00023602,https://github.com/jennotl/metasploit-docker,jennotl/metasploit-docker,162195461
CVE-2015-1328,0.00023563,https://github.com/blue-star-software/metasploit-framework,blue-star-software/metasploit-framework,174035757
CVE-2015-1328,0.00023073,https://github.com/mkdirlove/METASPLOIT-FRAMEWORK,mkdirlove/METASPLOIT-FRAMEWORK,202658385
CVE-2015-1328,0.00022978,https://github.com/samba234/metasploit-framework,samba234/metasploit-framework,209766275
CVE-2015-1328,0.00022920,https://github.com/komander/dan-metasploit,komander/dan-metasploit,218967281
CVE-2015-1328,0.00022878,https://github.com/cyberghost2h1/metasploit-framework,cyberghost2h1/metasploit-framework,223357337
CVE-2015-1328,0.00022878,https://github.com/tanmay-1234/metasploit,tanmay-1234/metasploit,222222271
CVE-2015-1328,0.00022826,https://github.com/PleXone2019/rapid7-metasploit-framework,PleXone2019/rapid7-metasploit-framework,230519533
CVE-2015-1328,0.00022826,https://github.com/praetorian-inc/purple-team-attack-automation,praetorian-inc/purple-team-attack-automation,180223091
CVE-2015-1328,0.00022769,https://github.com/jy0t/https-github.com-rapid7-metasploit-framework,jy0t/https-github.com-rapid7-metasploit-framework,235943671
CVE-2015-1328,0.00022743,https://github.com/Panupong9844/metasploit-framework,Panupong9844/metasploit-framework,242610427
CVE-2015-1328,0.00022416,https://github.com/RakhithJK/rapid7-metasploit-framework,RakhithJK/rapid7-metasploit-framework,262228153
CVE-2015-1328,0.00022361,https://github.com/Dev-Jayzo/Metasploit-Framework,Dev-Jayzo/Metasploit-Framework,267137927
CVE-2015-1328,0.00022306,https://github.com/rhevo/https-github.com-rhevo-metasploit-framework,rhevo/https-github.com-rhevo-metasploit-framework,272115889
CVE-2015-1328,0.00022158,https://github.com/lbh3110/Metasploit,lbh3110/Metasploit,297422060
CVE-2015-1328,0.00022085,https://github.com/texasconnection88/METASploit,texasconnection88/METASploit,291259333
CVE-2015-1328,0.00022041,https://github.com/CyberTKR/Metasploit-Framework,CyberTKR/Metasploit-Framework,296959076
CVE-2015-1328,0.00021954,https://github.com/vivekpal25/metasploit,vivekpal25/metasploit,308791898
CVE-2015-1328,0.00021891,https://github.com/numbnet/metasploit-framework,numbnet/metasploit-framework,314638758
CVE-2015-1328,0.00021877,https://github.com/trixiemixie83/metasploit-frameworkk,trixiemixie83/metasploit-frameworkk,318452449
CVE-2015-1328,0.00021810,https://github.com/fight165/Metasploit-framework,fight165/Metasploit-framework,366490053
CVE-2015-1328,0.00021786,https://github.com/darkmind9056/DarkMind9056-Metasploit-Framework,darkmind9056/DarkMind9056-Metasploit-Framework,330395499
CVE-2015-1328,0.00021739,https://github.com/rieF4/metasploit-framework,rieF4/metasploit-framework,340208573
CVE-2015-1328,0.00021725,https://github.com/The-Cracker-Technology/metasploit-framework,The-Cracker-Technology/metasploit-framework,344565409
CVE-2015-1328,0.00021725,https://github.com/isums/metasploit-alpine,isums/metasploit-alpine,342111623
CVE-2015-1328,0.00021716,https://github.com/drizzt-do-urden-da-drow/Metasploit,drizzt-do-urden-da-drow/Metasploit,344891375
CVE-2015-1328,0.00021701,https://github.com/kartikrajofficial0773h/metasploit-frameworks,kartikrajofficial0773h/metasploit-frameworks,346991787
CVE-2015-1328,0.00021584,https://github.com/Evgenyslavik9/Slavik_metasploiter,Evgenyslavik9/Slavik_metasploiter,361194832
CVE-2015-1328,0.00021524,https://github.com/loathsomeguy/metasploit-framework,loathsomeguy/metasploit-framework,372181196
CVE-2015-1328,0.00021501,https://github.com/HYPNOTIChippie/metasploit,HYPNOTIChippie/metasploit,374490402
CVE-2015-1328,0.00021501,https://github.com/dahedgepeth/metasploit,dahedgepeth/metasploit,373962637
CVE-2015-1328,0.00021487,https://github.com/talentsec/metasploit,talentsec/metasploit,370253962
CVE-2015-1328,0.00021436,https://github.com/spence-rat/metasploit-framework,spence-rat/metasploit-framework,490065127
CVE-2015-1328,0.00021432,https://github.com/kaanfroin/metasploit-framework,kaanfroin/metasploit-framework,385886011
CVE-2015-1328,0.00021345,https://github.com/ru-faraon/metasploit-framework,ru-faraon/metasploit-framework,372254030
CVE-2015-1328,0.00021128,https://github.com/adfoster-r7/metasploit-ci-tests,adfoster-r7/metasploit-ci-tests,319744421
CVE-2015-1328,0.00021039,https://github.com/kaRaGODDD/Cve-with-thier-PoC-s,kaRaGODDD/Cve-with-thier-PoC-s,754747508
CVE-2015-1328,0.00020492,https://github.com/Deep-Bagchi/Metasploit_Framework,Deep-Bagchi/Metasploit_Framework,851128540
CVE-2015-1328,0.00020350,https://github.com/adfoster-r7/metasploit-framework-test-actions,adfoster-r7/metasploit-framework-test-actions,465004247
CVE-2015-1328,0.00020280,https://github.com/zhangdapeng520/zdpruby_metasploit,zhangdapeng520/zdpruby_metasploit,469605197
CVE-2015-1328,0.00020198,https://github.com/sumon296/metasploit-framework-gui,sumon296/metasploit-framework-gui,514359515
CVE-2015-1328,0.00020198,https://github.com/webcindy/metasploit,webcindy/metasploit,496424010
CVE-2015-1328,0.00020165,https://github.com/sumon296/Metasploit-Framework,sumon296/Metasploit-Framework,514342337
CVE-2015-1328,0.00020149,https://github.com/De30/metasploit-framework,De30/metasploit-framework,520891420
CVE-2015-1328,0.00020012,https://github.com/THE-KING-01/Metasploit1,THE-KING-01/Metasploit1,551475160
CVE-2015-1328,0.00019992,https://github.com/gamerpro83/metasploit-framework-git45,gamerpro83/metasploit-framework-git45,560256550
CVE-2015-1328,0.00019992,https://github.com/hanzxr2020/metasploit-framework,hanzxr2020/metasploit-framework,557785571
CVE-2015-1328,0.00019992,https://github.com/Whiteh4tWolf/Metasploit,Whiteh4tWolf/Metasploit,557305563
CVE-2015-1328,0.00019980,https://github.com/Whiteh4tWolf/Metasploit_Framework,Whiteh4tWolf/Metasploit_Framework,561392271
CVE-2015-1328,0.00019956,https://github.com/NC1217/Metasploit,NC1217/Metasploit,567155858
CVE-2015-1328,0.00019940,https://github.com/7red/Metasploit,7red/Metasploit,571203379
CVE-2015-1328,0.00019932,https://github.com/Christyy123/Metasploit-framework,Christyy123/Metasploit-framework,573940370
CVE-2015-1328,0.00019751,https://github.com/sunzu94/metasploit-framework2,sunzu94/metasploit-framework2,608086688
CVE-2015-1328,0.00019701,https://github.com/threatcode/metasploit-framework,threatcode/metasploit-framework,621044028
CVE-2015-1328,0.00019670,https://github.com/2lambda123/metasploit-framework,2lambda123/metasploit-framework,629991781
CVE-2015-1328,0.00019512,https://github.com/bedestall5/metasploit-framework,bedestall5/metasploit-framework,840667290
CVE-2015-1328,0.00019501,https://github.com/artyang/metasploit-framework,artyang/metasploit-framework,665195980
CVE-2015-1328,0.00019482,https://github.com/Rayo20/METASPLOIT,Rayo20/METASPLOIT,669333997
CVE-2015-1328,0.00019286,https://github.com/Saurabh1973/Metasploit_Framework,Saurabh1973/Metasploit_Framework,695886910
CVE-2015-1328,0.00019209,https://github.com/rungga/Metasploit,rungga/Metasploit,717737262
CVE-2015-1328,0.00019209,https://github.com/Tushar-ArmorCode/rapid7-metasploit-framework,Tushar-ArmorCode/rapid7-metasploit-framework,716901052
CVE-2015-1328,0.00019198,https://github.com/jovan-rgb/metasploit-framework,jovan-rgb/metasploit-framework,728127870
CVE-2015-1328,0.00019175,https://github.com/ParsifaJlb/metasploit-framework0000000,ParsifaJlb/metasploit-framework0000000,877593838
CVE-2015-1328,0.00019150,https://github.com/jyankhomen/metasploit-framework,jyankhomen/metasploit-framework,735533808
CVE-2015-1328,0.00019150,https://github.com/nu11secur1ty/metasploit-framework-nu11secur1ty,nu11secur1ty/metasploit-framework-nu11secur1ty,721278524
CVE-2015-1328,0.00019142,https://github.com/vavee233/metasploit-framework,vavee233/metasploit-framework,739311126
CVE-2015-1328,0.00018972,https://github.com/flechaok/Metasploit-framework,flechaok/Metasploit-framework,779828868
CVE-2015-1328,0.00018836,https://github.com/dzulqarnain28/metasploit-framework,dzulqarnain28/metasploit-framework,824824910
CVE-2015-1328,0.00018793,https://github.com/freedarwuin/metasploit,freedarwuin/metasploit,839537924
CVE-2015-1328,0.00018790,https://github.com/MadnetM/metasploit-framework-replica,MadnetM/metasploit-framework-replica,933057917
CVE-2015-1328,0.00018622,https://github.com/zcmurphy87/Exploit_Window_Markdown,zcmurphy87/Exploit_Window_Markdown,264694165
CVE-2015-1328,0.00018591,https://github.com/phucoding286/metasploit-framework,phucoding286/metasploit-framework,847008678
CVE-2015-1328,0.00018495,https://github.com/ParrotSec/metasploit-framework,ParrotSec/metasploit-framework,71667487
CVE-2015-1328,0.00018443,https://github.com/kaRaGODDD/Cve-with-their-PoC-s,kaRaGODDD/Cve-with-their-PoC-s,756866150
CVE-2015-1328,0.00018430,https://github.com/pixelpro-20/Metasploit-,pixelpro-20/Metasploit-,935938195
CVE-2015-1328,0.00018359,https://github.com/snakesec/metasploit,snakesec/metasploit,963594462
CVE-2015-1328,0.00018349,https://github.com/rapid7/metasploit-framework,rapid7/metasploit-framework,2293158
CVE-2015-1328,0.00015108,https://github.com/BuddhaLabs/PacketStorm-Exploits,BuddhaLabs/PacketStorm-Exploits,14740030
CVE-2015-1328,0.00014899,https://github.com/tg12/PoC_CVEs,tg12/PoC_CVEs,543120512
CVE-2015-1328,0.00013742,https://github.com/nomi-sec/PoC-in-GitHub,nomi-sec/PoC-in-GitHub,226668668
CVE-2015-1328,0.00013103,https://github.com/sepehrdaddev/0day-today-exploits,sepehrdaddev/0day-today-exploits,272052072
CVE-2015-1328,0.00012369,https://github.com/126789t/poc_everyday,126789t/poc_everyday,901594790
CVE-2015-1328,0.00012000,https://github.com/ycdxsb/PocOrExp_in_Github,ycdxsb/PocOrExp_in_Github,357437766
CVE-2015-1328,0.00009367,https://github.com/NaInSec/ShellCodeExploits-GHDB,NaInSec/ShellCodeExploits-GHDB,772556016
CVE-2015-1328,0.00009367,https://github.com/EthicalHackerID/ShellCodeExploits-GHDB,EthicalHackerID/ShellCodeExploits-GHDB,771621538
CVE-2015-1328,0.00009367,https://github.com/Live-Hack-CVE/POC,Live-Hack-CVE/POC,619822673
CVE-2015-1328,0.00008672,https://github.com/sepehrdaddev/packetstorm-exploits,sepehrdaddev/packetstorm-exploits,271076842
CVE-2015-1328,0.00008655,https://github.com/kuznetsov-a/cve-exploit,kuznetsov-a/cve-exploit,177462278
CVE-2015-1328,0.00007218,https://github.com/vulsio/go-exploitdb,vulsio/go-exploitdb,151353348
CVE-2015-1328,0.00007043,https://github.com/sari3l/Poc-Monitor,sari3l/Poc-Monitor,503688932
CVE-2015-1328,0.00006087,https://github.com/fedoraredteam/elem,fedoraredteam/elem,98762032
CVE-2015-1328,0.00006086,https://github.com/redteam-project/lem,redteam-project/lem,171368898
CVE-2015-1328,0.00005836,https://github.com/florayfr1/Vulnerability-Exploitation-Predition,florayfr1/Vulnerability-Exploitation-Predition,420198517
CVE-2015-1328,0.00005811,https://github.com/wereallfeds/exploitdb,wereallfeds/exploitdb,55874497
CVE-2015-1328,0.00005757,https://github.com/adminlove520/Poc-Monitor_v1.0.1,adminlove520/Poc-Monitor_v1.0.1,585471029
CVE-2015-1328,0.00005749,https://github.com/L1GH7/Vaultiris,L1GH7/Vaultiris,568121763
CVE-2015-1328,0.00005616,https://github.com/shewey/exploit-db,shewey/exploit-db,76283094
CVE-2015-1328,0.00005610,https://github.com/AJMartel/offsec_exploits,AJMartel/offsec_exploits,75109498
CVE-2015-1328,0.00005486,https://github.com/FoxxyOS/exploitdb,FoxxyOS/exploitdb,131738912
CVE-2015-1328,0.00005486,https://github.com/ParrotSec/exploitdb,ParrotSec/exploitdb,63003028
CVE-2015-1328,0.00005394,https://github.com/yashodhank/exploit-database,yashodhank/exploit-database,104515468
CVE-2015-1328,0.00005379,https://github.com/1oid/exploitsearch,1oid/exploitsearch,111814394
CVE-2015-1328,0.00005376,https://github.com/cvebase/cvebase.com,cvebase/cvebase.com,300791308
CVE-2015-1328,0.00005357,https://github.com/R3K1NG/exploit-database,R3K1NG/exploit-database,107473902
CVE-2015-1328,0.00005316,https://github.com/Capa-cc/Exploit,Capa-cc/Exploit,114506475
CVE-2015-1328,0.00005290,https://github.com/fortify24x7/offensive-security-exploit-database,fortify24x7/offensive-security-exploit-database,117653410
CVE-2015-1328,0.00005249,https://github.com/Buzzkillhardball667/exploit-database,Buzzkillhardball667/exploit-database,120898188
CVE-2015-1328,0.00005203,https://github.com/Buzzkillhardball667/exploit-database.,Buzzkillhardball667/exploit-database.,124883872
CVE-2015-1328,0.00005122,https://github.com/xfinest/exploit-database,xfinest/exploit-database,138446262
CVE-2015-1328,0.00005068,https://github.com/kunphiphitb/exploitdb,kunphiphitb/exploitdb,152238433
CVE-2015-1328,0.00005041,https://github.com/metoo10987/exploitdb,metoo10987/exploitdb,156733009
CVE-2015-1328,0.00005020,https://github.com/TheGableMethod/exploitdb,TheGableMethod/exploitdb,164003708
CVE-2015-1328,0.00004878,https://github.com/blackunixteam/exploit-exploitdb,blackunixteam/exploit-exploitdb,223551245
CVE-2015-1328,0.00004800,https://github.com/84KaliPleXon3/offensive-security-exploitdb,84KaliPleXon3/offensive-security-exploitdb,282981718
CVE-2015-1328,0.00004747,https://github.com/Silentsoul04/exploitdb-1,Silentsoul04/exploitdb-1,336607627
CVE-2015-1328,0.00004627,https://github.com/uboolean/exploitdb,uboolean/exploitdb,504212345
CVE-2015-1328,0.00004622,https://github.com/merlinepedra25/EXPLOITDB,merlinepedra25/EXPLOITDB,531505478
CVE-2015-1328,0.00004620,https://github.com/hakDean/ExploitDB,hakDean/ExploitDB,552353301
CVE-2015-1328,0.00004620,https://github.com/offensive-security/exploitdb,offensive-security/exploitdb,14902556
CVE-2015-1328,0.00004182,https://github.com/swapravo/cvesploit,swapravo/cvesploit,385868347
CVE-2015-1328,0.00004153,https://github.com/talking2wall/Vulnerabilities-Exploits-Analysis,talking2wall/Vulnerabilities-Exploits-Analysis,443149726
CVE-2015-1328,0.00004103,https://github.com/BaRRaKudaRain/ExploitDB,BaRRaKudaRain/ExploitDB,251006702
CVE-2015-1328,0.00004090,https://github.com/BMaChina/cnvd_database,BMaChina/cnvd_database,90101928
CVE-2015-1328,0.00002740,https://github.com/baimuDing/Inconsistencies-in-POC-Data-Regarding-Vulnerable-Software-Versions,baimuDing/Inconsistencies-in-POC-Data-Regarding-Vulnerable-Software-Versions,936098931
CVE-2015-1328,0.00002740,https://github.com/baimuDing/Inconsistencies-in-POC-data-on-vulnerable-software-versions,baimuDing/Inconsistencies-in-POC-data-on-vulnerable-software-versions,934581112
CVE-2015-1328,0.00002714,https://github.com/kaismax/CVE-Poc,kaismax/CVE-Poc,462788135
CVE-2015-1328,0.00002654,https://github.com/spiritofthegael/ExploitDB-Project,spiritofthegael/ExploitDB-Project,228261222
CVE-2015-1328,0.00001598,https://github.com/leesinz/crush,leesinz/crush,751271973
CVE-2015-1328,0.00001517,https://github.com/patrickmpalmer/exploit-prediction-calculator,patrickmpalmer/exploit-prediction-calculator,244423496
CVE-2015-1328,0.00001465,https://github.com/SkyBelll/CVE-PoC,SkyBelll/CVE-PoC,585756450
CVE-2015-1328,0.00001463,https://github.com/ChaoticWagon/Llama3.2_CVE,ChaoticWagon/Llama3.2_CVE,869139798
CVE-2015-1328,0.00001435,https://github.com/gsmith257-cyber/BIT3434CVE,gsmith257-cyber/BIT3434CVE,571742046
CVE-2015-1328,0.00001434,https://github.com/c4ristian/exploits,c4ristian/exploits,588967891
CVE-2015-1328,0.00001432,https://github.com/just3019/CNVD-updater,just3019/CNVD-updater,284659876
CVE-2015-1328,0.00001430,https://github.com/khulnasoft-labs/exploitdb,khulnasoft-labs/exploitdb,668632186
CVE-2015-1328,0.00001429,https://github.com/fooster1337/searchxploit,fooster1337/searchxploit,726528344
CVE-2015-1328,0.00001429,https://github.com/kellywang568/Cybersecurity_project_casestudies,kellywang568/Cybersecurity_project_casestudies,716328323
CVE-2015-1328,0.00001428,https://github.com/andrewdpoh/Exploit-Retriever-for-Unpatched-Win11,andrewdpoh/Exploit-Retriever-for-Unpatched-Win11,793058764
CVE-2015-1328,0.00001428,https://github.com/SecureSolutionsLab/vex_hk,SecureSolutionsLab/vex_hk,874133474
CVE-2015-1328,0.00001427,https://github.com/qays3/AI-Generated-Exploit,qays3/AI-Generated-Exploit,872718899
CVE-2015-1328,0.00001398,https://github.com/Doctype02/exploitdb,Doctype02/exploitdb,600900944
CVE-2015-1328,0.00001392,https://github.com/artyang/exploitdb,artyang/exploitdb,668899208
CVE-2015-1328,0.00001391,https://github.com/itsanirbanbain/Exploit-Finder,itsanirbanbain/Exploit-Finder,756844796
CVE-2015-1328,0.00001391,https://github.com/itsanirbanbain/Exploit-Finder,itsanirbanbain/Exploit-Finder,757653051
CVE-2015-1328,0.00001390,https://github.com/NoorahSmith/Exploit-DB-offsec,NoorahSmith/Exploit-DB-offsec,696682686
CVE-2015-1328,0.00001390,https://github.com/jamesser/exploitdb-reduced,jamesser/exploitdb-reduced,758271611
CVE-2015-1328,0.00001389,https://github.com/EthicalSecurity-Agency/exploit-database-exploitdb.,EthicalSecurity-Agency/exploit-database-exploitdb.,766280178
CVE-2015-1328,0.00001388,https://github.com/shashwat39/llm_cve_exploit,shashwat39/llm_cve_exploit,963704138
CVE-2015-1328,0.00001388,https://github.com/7h3r3v3n4n7/exploitdb_raw,7h3r3v3n4n7/exploitdb_raw,951642206
CVE-2015-1328,0.00001388,https://github.com/chriss-0x01/https-gitlab.com-exploit-database-exploitdb,chriss-0x01/https-gitlab.com-exploit-database-exploitdb,789084480
CVE-2015-1328,0.00001387,https://github.com/7h3r3v3n4n7/exploitdb-data,7h3r3v3n4n7/exploitdb-data,952806722
CVE-2015-1328,0.00001387,https://github.com/GhidraDragon/exploitdb,GhidraDragon/exploitdb,925692581
CVE-2015-1328,0.00001387,https://github.com/emtee40/exploit-database,emtee40/exploit-database,908073755
CVE-2015-1328,0.00001387,https://github.com/GhidraDragon/Exploit-LLM,GhidraDragon/Exploit-LLM,936283169
CVE-2015-1328,0.00001387,https://github.com/offsoc/exploitdb,offsoc/exploitdb,802540580
CVE-2015-1328,0.00001386,https://github.com/jason-allen-oneal/exploitdb-clone,jason-allen-oneal/exploitdb-clone,964928360
CVE-2015-1328,0.00001385,https://github.com/7h3r3v3n4n7/exploitdb-data,7h3r3v3n4n7/exploitdb-data,957634701
CVE-2015-1328,0.00001324,https://github.com/CVEDB/cve-poc,CVEDB/cve-poc,617748045
CVE-2015-1328,0.00001319,https://github.com/w3security/PoCVE,w3security/PoCVE,606657364
CVE-2015-1328,0.00001186,https://github.com/scipag/vulscan,scipag/vulscan,84558222
CVE-2015-1328,0.00001031,https://github.com/afonsovitorio/cve_sandbox,afonsovitorio/cve_sandbox,756917322
CVE-2015-1328,0.00000952,https://github.com/fullsendit-sj235/Vulnerability-Scanning-and-Exploit-Prediction,fullsendit-sj235/Vulnerability-Scanning-and-Exploit-Prediction,920751179
CVE-2015-1328,0.00000905,https://github.com/0xMarcio/cve,0xMarcio/cve,805332779
CVE-2015-1328,0.00000895,https://github.com/cve-sandbox-bot/cve_sandbox,cve-sandbox-bot/cve_sandbox,761136511
CVE-2015-1328,0.00000713,https://github.com/trickest/cve,trickest/cve,454015416
CVE-2015-1328,0.00000673,https://github.com/meelunae/exploitability_prediction,meelunae/exploitability_prediction,612770665
CVE-2015-1328,0.00000665,https://github.com/NadimKawwa/Cyber_Threat_Identification,NadimKawwa/Cyber_Threat_Identification,318011542
CVE-2015-1328,0.00000629,https://github.com/Vasileios-Mavroeidis/semantic-stix-vulnerability,Vasileios-Mavroeidis/semantic-stix-vulnerability,392265661
CVE-2015-1328,0.00000570,https://github.com/Yuning-J/VulnerabilityClassifier,Yuning-J/VulnerabilityClassifier,429349871
CVE-2015-1328,0.00000553,https://github.com/jgamblin/EPSSNVD,jgamblin/EPSSNVD,457057905
CVE-2015-1328,0.00000473,https://github.com/zer0daysec/CNVD-SharedVulData-XML,zer0daysec/CNVD-SharedVulData-XML,724578396
CVE-2015-1328,0.00000472,https://github.com/zhangkaibin0921/cnvd_official_data_and_spider,zhangkaibin0921/cnvd_official_data_and_spider,731956729
CVE-2015-1328,0.00000432,https://github.com/gmatuz/inthewilddb,gmatuz/inthewilddb,404367677
CVE-2015-1328,0.00000394,https://github.com/omok314159/CVE_Stat_2024,omok314159/CVE_Stat_2024,937828154
CVE-2015-1328,0.00000364,https://github.com/ARPSyndicate/cve-scores,ARPSyndicate/cve-scores,962405860
CVE-2015-1328,0.00000364,https://github.com/ARPSyndicate/cve-scores,ARPSyndicate/cve-scores,357427484
CVE-2015-1328,0.00000363,https://github.com/scmanjarrez/CVEScannerV2DB,scmanjarrez/CVEScannerV2DB,394995609
CVE-2015-1328,0.00000362,https://github.com/Live-Hack-CVE/full_database,Live-Hack-CVE/full_database,603381678
CVE-2015-1328,0.00000345,https://github.com/Galeax/CVE2CAPEC,Galeax/CVE2CAPEC,874674117
CVE-2015-1328,0.00000345,https://github.com/kston83/cvss-te,kston83/cvss-te,940980546
CVE-2015-1328,0.00000323,https://github.com/BenjiTrapp/cisa-known-vuln-scraper,BenjiTrapp/cisa-known-vuln-scraper,669852222
CVE-2015-1328,0.00000323,https://github.com/kaRaGODDD/cve_database,kaRaGODDD/cve_database,747924426
CVE-2015-1328,0.00000306,https://github.com/g33kb00m/CVE2Chinese,g33kb00m/CVE2Chinese,582653564
