match,match_weight,repo_url,repo_full_name,repo_id
CVE-2021-44239,0.03333333,https://github.com/curated-intel/Log4Shell-IOCs,curated-intel/Log4Shell-IOCs,437595483
