match,match_weight,repo_url,repo_full_name,repo_id
CVE-2024-57672,0.00000715,https://github.com/trickest/cve,trickest/cve,454015416
CVE-2024-57672,0.00000366,https://github.com/scmanjarrez/CVEScannerV2DB,scmanjarrez/CVEScannerV2DB,394995609
CVE-2024-57672,0.00000365,https://github.com/ARPSyndicate/cve-scores,ARPSyndicate/cve-scores,357427484
CVE-2024-57672,0.00000364,https://github.com/ARPSyndicate/cve-scores,ARPSyndicate/cve-scores,962405860
CVE-2024-57672,0.00000345,https://github.com/Galeax/CVE2CAPEC,Galeax/CVE2CAPEC,874674117
CVE-2024-57672,0.00000345,https://github.com/kston83/cvss-te,kston83/cvss-te,940980546
