match,match_weight,repo_url,repo_full_name,repo_id
CVE-2024-30667,1.00000000,https://github.com/yashpatelphd/CVE-2024-30667,yashpatelphd/CVE-2024-30667,782347133
CVE-2024-30667,0.00023073,https://github.com/SecG3ek/2024_CVEs,SecG3ek/2024_CVEs,816421644
CVE-2024-30667,0.00007130,https://github.com/sari3l/Poc-Monitor,sari3l/Poc-Monitor,503688932
CVE-2024-30667,0.00005815,https://github.com/adminlove520/Poc-Monitor_v1.0.1,adminlove520/Poc-Monitor_v1.0.1,585471029
CVE-2024-30667,0.00000952,https://github.com/fullsendit-sj235/Vulnerability-Scanning-and-Exploit-Prediction,fullsendit-sj235/Vulnerability-Scanning-and-Exploit-Prediction,920751179
CVE-2024-30667,0.00000905,https://github.com/0xMarcio/cve,0xMarcio/cve,805332779
CVE-2024-30667,0.00000895,https://github.com/cve-sandbox-bot/cve_sandbox,cve-sandbox-bot/cve_sandbox,761136511
CVE-2024-30667,0.00000724,https://github.com/trickest/cve,trickest/cve,454015416
CVE-2024-30667,0.00000350,https://github.com/Galeax/CVE2CAPEC,Galeax/CVE2CAPEC,874674117
CVE-2024-30667,0.00000350,https://github.com/kston83/cvss-te,kston83/cvss-te,940980546
CVE-2024-30667,0.00000323,https://github.com/BenjiTrapp/cisa-known-vuln-scraper,BenjiTrapp/cisa-known-vuln-scraper,669852222
CVE-2024-30667,0.00000323,https://github.com/kaRaGODDD/cve_database,kaRaGODDD/cve_database,747924426
