match,match_weight,repo_url,repo_full_name,repo_id
CVE-2020-17505,1.00000000,https://github.com/Live-Hack-CVE/CVE-2020-17505,Live-Hack-CVE/CVE-2020-17505,592626614
CVE-2020-17505,0.00337838,https://github.com/YasserGersy/cazador_unr,YasserGersy/cazador_unr,193280788
CVE-2020-17505,0.00131579,https://github.com/asdcxsd/MTA-Exploit-Framework,asdcxsd/MTA-Exploit-Framework,328604334
CVE-2020-17505,0.00086207,https://github.com/arkede/cve-2020,arkede/cve-2020,956982168
CVE-2020-17505,0.00067249,https://github.com/u21h2/nacs,u21h2/nacs,495917708
CVE-2020-17505,0.00064809,https://github.com/veo/vscan,veo/vscan,377697824
CVE-2020-17505,0.00064475,https://github.com/Marcuccio/kevin,Marcuccio/kevin,461889046
CVE-2020-17505,0.00061013,https://github.com/Wang-yuyang/Vulnerabilit-Exploit-Library,Wang-yuyang/Vulnerabilit-Exploit-Library,511974178
CVE-2020-17505,0.00052770,https://github.com/GhostTroops/scan4all,GhostTroops/scan4all,505278571
CVE-2020-17505,0.00048520,https://github.com/droopycleava/go-msfdb,droopycleava/go-msfdb,940276425
CVE-2020-17505,0.00048520,https://github.com/vulsio/go-msfdb,vulsio/go-msfdb,241559906
CVE-2020-17505,0.00046555,https://github.com/whoami13apt/cve-poc,whoami13apt/cve-poc,850978770
CVE-2020-17505,0.00046555,https://github.com/cckuailong/reapoc,cckuailong/reapoc,432587463
CVE-2020-17505,0.00035804,https://github.com/k4t3pr0/Nuclei-POC,k4t3pr0/Nuclei-POC,755416207
CVE-2020-17505,0.00030312,https://github.com/daxtar2/Guts,daxtar2/Guts,801551333
CVE-2020-17505,0.00029334,https://github.com/zhxknb1/Lots-of-POC,zhxknb1/Lots-of-POC,827091256
CVE-2020-17505,0.00024050,https://github.com/TAplutos/autosploit,TAplutos/autosploit,715864568
CVE-2020-17505,0.00021954,https://github.com/vivekpal25/metasploit,vivekpal25/metasploit,308791898
CVE-2020-17505,0.00021891,https://github.com/numbnet/metasploit-framework,numbnet/metasploit-framework,314638758
CVE-2020-17505,0.00021877,https://github.com/trixiemixie83/metasploit-frameworkk,trixiemixie83/metasploit-frameworkk,318452449
CVE-2020-17505,0.00021810,https://github.com/fight165/Metasploit-framework,fight165/Metasploit-framework,366490053
CVE-2020-17505,0.00021786,https://github.com/darkmind9056/DarkMind9056-Metasploit-Framework,darkmind9056/DarkMind9056-Metasploit-Framework,330395499
CVE-2020-17505,0.00021739,https://github.com/rieF4/metasploit-framework,rieF4/metasploit-framework,340208573
CVE-2020-17505,0.00021725,https://github.com/The-Cracker-Technology/metasploit-framework,The-Cracker-Technology/metasploit-framework,344565409
CVE-2020-17505,0.00021725,https://github.com/isums/metasploit-alpine,isums/metasploit-alpine,342111623
CVE-2020-17505,0.00021716,https://github.com/drizzt-do-urden-da-drow/Metasploit,drizzt-do-urden-da-drow/Metasploit,344891375
CVE-2020-17505,0.00021701,https://github.com/kartikrajofficial0773h/metasploit-frameworks,kartikrajofficial0773h/metasploit-frameworks,346991787
CVE-2020-17505,0.00021584,https://github.com/Evgenyslavik9/Slavik_metasploiter,Evgenyslavik9/Slavik_metasploiter,361194832
CVE-2020-17505,0.00021524,https://github.com/loathsomeguy/metasploit-framework,loathsomeguy/metasploit-framework,372181196
CVE-2020-17505,0.00021501,https://github.com/HYPNOTIChippie/metasploit,HYPNOTIChippie/metasploit,374490402
CVE-2020-17505,0.00021501,https://github.com/dahedgepeth/metasploit,dahedgepeth/metasploit,373962637
CVE-2020-17505,0.00021487,https://github.com/talentsec/metasploit,talentsec/metasploit,370253962
CVE-2020-17505,0.00021432,https://github.com/kaanfroin/metasploit-framework,kaanfroin/metasploit-framework,385886011
CVE-2020-17505,0.00021345,https://github.com/ru-faraon/metasploit-framework,ru-faraon/metasploit-framework,372254030
CVE-2020-17505,0.00021128,https://github.com/adfoster-r7/metasploit-ci-tests,adfoster-r7/metasploit-ci-tests,319744421
CVE-2020-17505,0.00020492,https://github.com/Deep-Bagchi/Metasploit_Framework,Deep-Bagchi/Metasploit_Framework,851128540
CVE-2020-17505,0.00020350,https://github.com/adfoster-r7/metasploit-framework-test-actions,adfoster-r7/metasploit-framework-test-actions,465004247
CVE-2020-17505,0.00020280,https://github.com/zhangdapeng520/zdpruby_metasploit,zhangdapeng520/zdpruby_metasploit,469605197
CVE-2020-17505,0.00020198,https://github.com/sumon296/metasploit-framework-gui,sumon296/metasploit-framework-gui,514359515
CVE-2020-17505,0.00020198,https://github.com/webcindy/metasploit,webcindy/metasploit,496424010
CVE-2020-17505,0.00020165,https://github.com/sumon296/Metasploit-Framework,sumon296/Metasploit-Framework,514342337
CVE-2020-17505,0.00020149,https://github.com/De30/metasploit-framework,De30/metasploit-framework,520891420
CVE-2020-17505,0.00020012,https://github.com/THE-KING-01/Metasploit1,THE-KING-01/Metasploit1,551475160
CVE-2020-17505,0.00019992,https://github.com/gamerpro83/metasploit-framework-git45,gamerpro83/metasploit-framework-git45,560256550
CVE-2020-17505,0.00019992,https://github.com/hanzxr2020/metasploit-framework,hanzxr2020/metasploit-framework,557785571
CVE-2020-17505,0.00019992,https://github.com/Whiteh4tWolf/Metasploit,Whiteh4tWolf/Metasploit,557305563
CVE-2020-17505,0.00019980,https://github.com/Whiteh4tWolf/Metasploit_Framework,Whiteh4tWolf/Metasploit_Framework,561392271
CVE-2020-17505,0.00019956,https://github.com/NC1217/Metasploit,NC1217/Metasploit,567155858
CVE-2020-17505,0.00019940,https://github.com/7red/Metasploit,7red/Metasploit,571203379
CVE-2020-17505,0.00019932,https://github.com/Christyy123/Metasploit-framework,Christyy123/Metasploit-framework,573940370
CVE-2020-17505,0.00019751,https://github.com/sunzu94/metasploit-framework2,sunzu94/metasploit-framework2,608086688
CVE-2020-17505,0.00019701,https://github.com/threatcode/metasploit-framework,threatcode/metasploit-framework,621044028
CVE-2020-17505,0.00019670,https://github.com/2lambda123/metasploit-framework,2lambda123/metasploit-framework,629991781
CVE-2020-17505,0.00019512,https://github.com/bedestall5/metasploit-framework,bedestall5/metasploit-framework,840667290
CVE-2020-17505,0.00019501,https://github.com/artyang/metasploit-framework,artyang/metasploit-framework,665195980
CVE-2020-17505,0.00019482,https://github.com/Rayo20/METASPLOIT,Rayo20/METASPLOIT,669333997
CVE-2020-17505,0.00019286,https://github.com/Saurabh1973/Metasploit_Framework,Saurabh1973/Metasploit_Framework,695886910
CVE-2020-17505,0.00019209,https://github.com/rungga/Metasploit,rungga/Metasploit,717737262
CVE-2020-17505,0.00019209,https://github.com/Tushar-ArmorCode/rapid7-metasploit-framework,Tushar-ArmorCode/rapid7-metasploit-framework,716901052
CVE-2020-17505,0.00019198,https://github.com/jovan-rgb/metasploit-framework,jovan-rgb/metasploit-framework,728127870
CVE-2020-17505,0.00019175,https://github.com/ParsifaJlb/metasploit-framework0000000,ParsifaJlb/metasploit-framework0000000,877593838
CVE-2020-17505,0.00019150,https://github.com/jyankhomen/metasploit-framework,jyankhomen/metasploit-framework,735533808
CVE-2020-17505,0.00019150,https://github.com/nu11secur1ty/metasploit-framework-nu11secur1ty,nu11secur1ty/metasploit-framework-nu11secur1ty,721278524
CVE-2020-17505,0.00019142,https://github.com/vavee233/metasploit-framework,vavee233/metasploit-framework,739311126
CVE-2020-17505,0.00018972,https://github.com/flechaok/Metasploit-framework,flechaok/Metasploit-framework,779828868
CVE-2020-17505,0.00018836,https://github.com/dzulqarnain28/metasploit-framework,dzulqarnain28/metasploit-framework,824824910
CVE-2020-17505,0.00018793,https://github.com/freedarwuin/metasploit,freedarwuin/metasploit,839537924
CVE-2020-17505,0.00018790,https://github.com/MadnetM/metasploit-framework-replica,MadnetM/metasploit-framework-replica,933057917
CVE-2020-17505,0.00018591,https://github.com/phucoding286/metasploit-framework,phucoding286/metasploit-framework,847008678
CVE-2020-17505,0.00018495,https://github.com/ParrotSec/metasploit-framework,ParrotSec/metasploit-framework,71667487
CVE-2020-17505,0.00018430,https://github.com/pixelpro-20/Metasploit-,pixelpro-20/Metasploit-,935938195
CVE-2020-17505,0.00018359,https://github.com/snakesec/metasploit,snakesec/metasploit,963594462
CVE-2020-17505,0.00018355,https://github.com/rapid7/metasploit-framework,rapid7/metasploit-framework,2293158
CVE-2020-17505,0.00008672,https://github.com/sepehrdaddev/packetstorm-exploits,sepehrdaddev/packetstorm-exploits,271076842
CVE-2020-17505,0.00005763,https://github.com/adminlove520/Poc-Monitor_v1.0.1,adminlove520/Poc-Monitor_v1.0.1,585471029
CVE-2020-17505,0.00005376,https://github.com/cvebase/cvebase.com,cvebase/cvebase.com,300791308
CVE-2020-17505,0.00003472,https://github.com/adysec/nuclei_poc,adysec/nuclei_poc,797010442
CVE-2020-17505,0.00002740,https://github.com/baimuDing/Inconsistencies-in-POC-Data-Regarding-Vulnerable-Software-Versions,baimuDing/Inconsistencies-in-POC-Data-Regarding-Vulnerable-Software-Versions,936098931
CVE-2020-17505,0.00002740,https://github.com/baimuDing/Inconsistencies-in-POC-data-on-vulnerable-software-versions,baimuDing/Inconsistencies-in-POC-data-on-vulnerable-software-versions,934581112
CVE-2020-17505,0.00002714,https://github.com/kaismax/CVE-Poc,kaismax/CVE-Poc,462788135
CVE-2020-17505,0.00001465,https://github.com/SkyBelll/CVE-PoC,SkyBelll/CVE-PoC,585756450
CVE-2020-17505,0.00001324,https://github.com/CVEDB/cve-poc,CVEDB/cve-poc,617748045
CVE-2020-17505,0.00001319,https://github.com/w3security/PoCVE,w3security/PoCVE,606657364
CVE-2020-17505,0.00001219,https://github.com/hellmaxx/Vulnerability-and-exploit-collector-and-map-for-information-security-analytics,hellmaxx/Vulnerability-and-exploit-collector-and-map-for-information-security-analytics,613327762
CVE-2020-17505,0.00001085,https://github.com/samvho/exploit_prediction,samvho/exploit_prediction,454109614
CVE-2020-17505,0.00001031,https://github.com/afonsovitorio/cve_sandbox,afonsovitorio/cve_sandbox,756917322
CVE-2020-17505,0.00000905,https://github.com/0xMarcio/cve,0xMarcio/cve,805332779
CVE-2020-17505,0.00000895,https://github.com/cve-sandbox-bot/cve_sandbox,cve-sandbox-bot/cve_sandbox,761136511
CVE-2020-17505,0.00000715,https://github.com/trickest/cve,trickest/cve,454015416
CVE-2020-17505,0.00000673,https://github.com/meelunae/exploitability_prediction,meelunae/exploitability_prediction,612770665
CVE-2020-17505,0.00000665,https://github.com/NadimKawwa/Cyber_Threat_Identification,NadimKawwa/Cyber_Threat_Identification,318011542
CVE-2020-17505,0.00000629,https://github.com/Vasileios-Mavroeidis/semantic-stix-vulnerability,Vasileios-Mavroeidis/semantic-stix-vulnerability,392265661
CVE-2020-17505,0.00000570,https://github.com/Yuning-J/VulnerabilityClassifier,Yuning-J/VulnerabilityClassifier,429349871
CVE-2020-17505,0.00000553,https://github.com/jgamblin/EPSSNVD,jgamblin/EPSSNVD,457057905
CVE-2020-17505,0.00000473,https://github.com/zer0daysec/CNVD-SharedVulData-XML,zer0daysec/CNVD-SharedVulData-XML,724578396
CVE-2020-17505,0.00000472,https://github.com/zhangkaibin0921/cnvd_official_data_and_spider,zhangkaibin0921/cnvd_official_data_and_spider,731956729
CVE-2020-17505,0.00000432,https://github.com/gmatuz/inthewilddb,gmatuz/inthewilddb,404367677
CVE-2020-17505,0.00000394,https://github.com/omok314159/CVE_Stat_2024,omok314159/CVE_Stat_2024,937828154
CVE-2020-17505,0.00000366,https://github.com/scmanjarrez/CVEScannerV2DB,scmanjarrez/CVEScannerV2DB,394995609
CVE-2020-17505,0.00000365,https://github.com/ARPSyndicate/cve-scores,ARPSyndicate/cve-scores,962405860
CVE-2020-17505,0.00000365,https://github.com/ARPSyndicate/cve-scores,ARPSyndicate/cve-scores,357427484
CVE-2020-17505,0.00000362,https://github.com/Live-Hack-CVE/full_database,Live-Hack-CVE/full_database,603381678
CVE-2020-17505,0.00000345,https://github.com/kston83/cvss-te,kston83/cvss-te,940980546
CVE-2020-17505,0.00000345,https://github.com/Galeax/CVE2CAPEC,Galeax/CVE2CAPEC,874674117
CVE-2020-17505,0.00000323,https://github.com/BenjiTrapp/cisa-known-vuln-scraper,BenjiTrapp/cisa-known-vuln-scraper,669852222
CVE-2020-17505,0.00000323,https://github.com/kaRaGODDD/cve_database,kaRaGODDD/cve_database,747924426
CVE-2020-17505,0.00000306,https://github.com/g33kb00m/CVE2Chinese,g33kb00m/CVE2Chinese,582653564
