match,match_weight,repo_url,repo_full_name,repo_id
CVE-2017-5586,0.00079177,https://github.com/chuangshizhiqiang/GetEXPLinkFrom_exploit-db,chuangshizhiqiang/GetEXPLinkFrom_exploit-db,162580872
CVE-2017-5586,0.00018622,https://github.com/zcmurphy87/Exploit_Window_Markdown,zcmurphy87/Exploit_Window_Markdown,264694165
CVE-2017-5586,0.00013103,https://github.com/sepehrdaddev/0day-today-exploits,sepehrdaddev/0day-today-exploits,272052072
CVE-2017-5586,0.00008672,https://github.com/sepehrdaddev/packetstorm-exploits,sepehrdaddev/packetstorm-exploits,271076842
CVE-2017-5586,0.00008655,https://github.com/kuznetsov-a/cve-exploit,kuznetsov-a/cve-exploit,177462278
CVE-2017-5586,0.00007218,https://github.com/vulsio/go-exploitdb,vulsio/go-exploitdb,151353348
CVE-2017-5586,0.00005486,https://github.com/FoxxyOS/exploitdb,FoxxyOS/exploitdb,131738912
CVE-2017-5586,0.00005486,https://github.com/ParrotSec/exploitdb,ParrotSec/exploitdb,63003028
CVE-2017-5586,0.00005394,https://github.com/yashodhank/exploit-database,yashodhank/exploit-database,104515468
CVE-2017-5586,0.00005379,https://github.com/1oid/exploitsearch,1oid/exploitsearch,111814394
CVE-2017-5586,0.00005376,https://github.com/cvebase/cvebase.com,cvebase/cvebase.com,300791308
CVE-2017-5586,0.00005357,https://github.com/R3K1NG/exploit-database,R3K1NG/exploit-database,107473902
CVE-2017-5586,0.00005316,https://github.com/Capa-cc/Exploit,Capa-cc/Exploit,114506475
CVE-2017-5586,0.00005290,https://github.com/fortify24x7/offensive-security-exploit-database,fortify24x7/offensive-security-exploit-database,117653410
CVE-2017-5586,0.00005249,https://github.com/Buzzkillhardball667/exploit-database,Buzzkillhardball667/exploit-database,120898188
CVE-2017-5586,0.00005203,https://github.com/Buzzkillhardball667/exploit-database.,Buzzkillhardball667/exploit-database.,124883872
CVE-2017-5586,0.00005122,https://github.com/xfinest/exploit-database,xfinest/exploit-database,138446262
CVE-2017-5586,0.00005068,https://github.com/kunphiphitb/exploitdb,kunphiphitb/exploitdb,152238433
CVE-2017-5586,0.00005041,https://github.com/metoo10987/exploitdb,metoo10987/exploitdb,156733009
CVE-2017-5586,0.00005020,https://github.com/TheGableMethod/exploitdb,TheGableMethod/exploitdb,164003708
CVE-2017-5586,0.00004878,https://github.com/blackunixteam/exploit-exploitdb,blackunixteam/exploit-exploitdb,223551245
CVE-2017-5586,0.00004800,https://github.com/84KaliPleXon3/offensive-security-exploitdb,84KaliPleXon3/offensive-security-exploitdb,282981718
CVE-2017-5586,0.00004747,https://github.com/Silentsoul04/exploitdb-1,Silentsoul04/exploitdb-1,336607627
CVE-2017-5586,0.00004627,https://github.com/uboolean/exploitdb,uboolean/exploitdb,504212345
CVE-2017-5586,0.00004622,https://github.com/merlinepedra25/EXPLOITDB,merlinepedra25/EXPLOITDB,531505478
CVE-2017-5586,0.00004620,https://github.com/hakDean/ExploitDB,hakDean/ExploitDB,552353301
CVE-2017-5586,0.00004620,https://github.com/offensive-security/exploitdb,offensive-security/exploitdb,14902556
CVE-2017-5586,0.00004182,https://github.com/swapravo/cvesploit,swapravo/cvesploit,385868347
CVE-2017-5586,0.00004103,https://github.com/BaRRaKudaRain/ExploitDB,BaRRaKudaRain/ExploitDB,251006702
CVE-2017-5586,0.00004090,https://github.com/BMaChina/cnvd_database,BMaChina/cnvd_database,90101928
CVE-2017-5586,0.00003785,https://github.com/joocer/cve-exploit-predictor,joocer/cve-exploit-predictor,195553065
CVE-2017-5586,0.00002740,https://github.com/baimuDing/Inconsistencies-in-POC-Data-Regarding-Vulnerable-Software-Versions,baimuDing/Inconsistencies-in-POC-Data-Regarding-Vulnerable-Software-Versions,936098931
CVE-2017-5586,0.00002740,https://github.com/baimuDing/Inconsistencies-in-POC-data-on-vulnerable-software-versions,baimuDing/Inconsistencies-in-POC-data-on-vulnerable-software-versions,934581112
CVE-2017-5586,0.00002714,https://github.com/kaismax/CVE-Poc,kaismax/CVE-Poc,462788135
CVE-2017-5586,0.00002654,https://github.com/spiritofthegael/ExploitDB-Project,spiritofthegael/ExploitDB-Project,228261222
CVE-2017-5586,0.00002386,https://github.com/kreattang/Collecting_CNVD_Dataset,kreattang/Collecting_CNVD_Dataset,188338231
CVE-2017-5586,0.00001598,https://github.com/leesinz/crush,leesinz/crush,751271973
CVE-2017-5586,0.00001517,https://github.com/patrickmpalmer/exploit-prediction-calculator,patrickmpalmer/exploit-prediction-calculator,244423496
CVE-2017-5586,0.00001465,https://github.com/SkyBelll/CVE-PoC,SkyBelll/CVE-PoC,585756450
CVE-2017-5586,0.00001435,https://github.com/gsmith257-cyber/BIT3434CVE,gsmith257-cyber/BIT3434CVE,571742046
CVE-2017-5586,0.00001434,https://github.com/c4ristian/exploits,c4ristian/exploits,588967891
CVE-2017-5586,0.00001432,https://github.com/just3019/CNVD-updater,just3019/CNVD-updater,284659876
CVE-2017-5586,0.00001430,https://github.com/khulnasoft-labs/exploitdb,khulnasoft-labs/exploitdb,668632186
CVE-2017-5586,0.00001429,https://github.com/fooster1337/searchxploit,fooster1337/searchxploit,726528344
CVE-2017-5586,0.00001429,https://github.com/kellywang568/Cybersecurity_project_casestudies,kellywang568/Cybersecurity_project_casestudies,716328323
CVE-2017-5586,0.00001428,https://github.com/andrewdpoh/Exploit-Retriever-for-Unpatched-Win11,andrewdpoh/Exploit-Retriever-for-Unpatched-Win11,793058764
CVE-2017-5586,0.00001428,https://github.com/SecureSolutionsLab/vex_hk,SecureSolutionsLab/vex_hk,874133474
CVE-2017-5586,0.00001427,https://github.com/qays3/AI-Generated-Exploit,qays3/AI-Generated-Exploit,872718899
CVE-2017-5586,0.00001398,https://github.com/Doctype02/exploitdb,Doctype02/exploitdb,600900944
CVE-2017-5586,0.00001392,https://github.com/artyang/exploitdb,artyang/exploitdb,668899208
CVE-2017-5586,0.00001391,https://github.com/itsanirbanbain/Exploit-Finder,itsanirbanbain/Exploit-Finder,756844796
CVE-2017-5586,0.00001391,https://github.com/itsanirbanbain/Exploit-Finder,itsanirbanbain/Exploit-Finder,757653051
CVE-2017-5586,0.00001390,https://github.com/NoorahSmith/Exploit-DB-offsec,NoorahSmith/Exploit-DB-offsec,696682686
CVE-2017-5586,0.00001390,https://github.com/jamesser/exploitdb-reduced,jamesser/exploitdb-reduced,758271611
CVE-2017-5586,0.00001389,https://github.com/EthicalSecurity-Agency/exploit-database-exploitdb.,EthicalSecurity-Agency/exploit-database-exploitdb.,766280178
CVE-2017-5586,0.00001388,https://github.com/shashwat39/llm_cve_exploit,shashwat39/llm_cve_exploit,963704138
CVE-2017-5586,0.00001388,https://github.com/7h3r3v3n4n7/exploitdb_raw,7h3r3v3n4n7/exploitdb_raw,951642206
CVE-2017-5586,0.00001388,https://github.com/chriss-0x01/https-gitlab.com-exploit-database-exploitdb,chriss-0x01/https-gitlab.com-exploit-database-exploitdb,789084480
CVE-2017-5586,0.00001387,https://github.com/7h3r3v3n4n7/exploitdb-data,7h3r3v3n4n7/exploitdb-data,952806722
CVE-2017-5586,0.00001387,https://github.com/GhidraDragon/exploitdb,GhidraDragon/exploitdb,925692581
CVE-2017-5586,0.00001387,https://github.com/emtee40/exploit-database,emtee40/exploit-database,908073755
CVE-2017-5586,0.00001387,https://github.com/GhidraDragon/Exploit-LLM,GhidraDragon/Exploit-LLM,936283169
CVE-2017-5586,0.00001387,https://github.com/offsoc/exploitdb,offsoc/exploitdb,802540580
CVE-2017-5586,0.00001386,https://github.com/jason-allen-oneal/exploitdb-clone,jason-allen-oneal/exploitdb-clone,964928360
CVE-2017-5586,0.00001385,https://github.com/7h3r3v3n4n7/exploitdb-data,7h3r3v3n4n7/exploitdb-data,957634701
CVE-2017-5586,0.00001324,https://github.com/CVEDB/cve-poc,CVEDB/cve-poc,617748045
CVE-2017-5586,0.00001319,https://github.com/w3security/PoCVE,w3security/PoCVE,606657364
CVE-2017-5586,0.00001186,https://github.com/scipag/vulscan,scipag/vulscan,84558222
CVE-2017-5586,0.00001085,https://github.com/samvho/exploit_prediction,samvho/exploit_prediction,454109614
CVE-2017-5586,0.00001031,https://github.com/afonsovitorio/cve_sandbox,afonsovitorio/cve_sandbox,756917322
CVE-2017-5586,0.00000952,https://github.com/fullsendit-sj235/Vulnerability-Scanning-and-Exploit-Prediction,fullsendit-sj235/Vulnerability-Scanning-and-Exploit-Prediction,920751179
CVE-2017-5586,0.00000905,https://github.com/0xMarcio/cve,0xMarcio/cve,805332779
CVE-2017-5586,0.00000895,https://github.com/cve-sandbox-bot/cve_sandbox,cve-sandbox-bot/cve_sandbox,761136511
CVE-2017-5586,0.00000713,https://github.com/trickest/cve,trickest/cve,454015416
CVE-2017-5586,0.00000673,https://github.com/meelunae/exploitability_prediction,meelunae/exploitability_prediction,612770665
CVE-2017-5586,0.00000665,https://github.com/NadimKawwa/Cyber_Threat_Identification,NadimKawwa/Cyber_Threat_Identification,318011542
CVE-2017-5586,0.00000629,https://github.com/Vasileios-Mavroeidis/semantic-stix-vulnerability,Vasileios-Mavroeidis/semantic-stix-vulnerability,392265661
CVE-2017-5586,0.00000570,https://github.com/Yuning-J/VulnerabilityClassifier,Yuning-J/VulnerabilityClassifier,429349871
CVE-2017-5586,0.00000553,https://github.com/jgamblin/EPSSNVD,jgamblin/EPSSNVD,457057905
CVE-2017-5586,0.00000473,https://github.com/zer0daysec/CNVD-SharedVulData-XML,zer0daysec/CNVD-SharedVulData-XML,724578396
CVE-2017-5586,0.00000472,https://github.com/zhangkaibin0921/cnvd_official_data_and_spider,zhangkaibin0921/cnvd_official_data_and_spider,731956729
CVE-2017-5586,0.00000432,https://github.com/gmatuz/inthewilddb,gmatuz/inthewilddb,404367677
CVE-2017-5586,0.00000394,https://github.com/omok314159/CVE_Stat_2024,omok314159/CVE_Stat_2024,937828154
CVE-2017-5586,0.00000364,https://github.com/ARPSyndicate/cve-scores,ARPSyndicate/cve-scores,962405860
CVE-2017-5586,0.00000364,https://github.com/ARPSyndicate/cve-scores,ARPSyndicate/cve-scores,357427484
CVE-2017-5586,0.00000363,https://github.com/scmanjarrez/CVEScannerV2DB,scmanjarrez/CVEScannerV2DB,394995609
CVE-2017-5586,0.00000362,https://github.com/Live-Hack-CVE/full_database,Live-Hack-CVE/full_database,603381678
CVE-2017-5586,0.00000345,https://github.com/kston83/cvss-te,kston83/cvss-te,940980546
CVE-2017-5586,0.00000345,https://github.com/Galeax/CVE2CAPEC,Galeax/CVE2CAPEC,874674117
CVE-2017-5586,0.00000323,https://github.com/BenjiTrapp/cisa-known-vuln-scraper,BenjiTrapp/cisa-known-vuln-scraper,669852222
CVE-2017-5586,0.00000323,https://github.com/kaRaGODDD/cve_database,kaRaGODDD/cve_database,747924426
CVE-2017-5586,0.00000306,https://github.com/g33kb00m/CVE2Chinese,g33kb00m/CVE2Chinese,582653564
