match,match_weight,repo_url,repo_full_name,repo_id
CVE-2022-41996,1.00000000,https://github.com/Live-Hack-CVE/CVE-2022-41996,Live-Hack-CVE/CVE-2022-41996,581704859
CVE-2022-41996,0.00032819,https://github.com/arkede/cve-2022,arkede/cve-2022,956982269
CVE-2022-41996,0.00008883,https://github.com/LDrakura/CVE-Monitor,LDrakura/CVE-Monitor,535930698
CVE-2022-41996,0.00007044,https://github.com/sari3l/Poc-Monitor,sari3l/Poc-Monitor,503688932
CVE-2022-41996,0.00005758,https://github.com/adminlove520/Poc-Monitor_v1.0.1,adminlove520/Poc-Monitor_v1.0.1,585471029
CVE-2022-41996,0.00003459,https://github.com/adysec/nuclei_poc,adysec/nuclei_poc,797010442
CVE-2022-41996,0.00002046,https://github.com/jsteinberg4/cve-retrieval,jsteinberg4/cve-retrieval,577043003
CVE-2022-41996,0.00000713,https://github.com/trickest/cve,trickest/cve,454015416
CVE-2022-41996,0.00000432,https://github.com/gmatuz/inthewilddb,gmatuz/inthewilddb,404367677
CVE-2022-41996,0.00000394,https://github.com/omok314159/CVE_Stat_2024,omok314159/CVE_Stat_2024,937828154
CVE-2022-41996,0.00000364,https://github.com/ARPSyndicate/cve-scores,ARPSyndicate/cve-scores,962405860
CVE-2022-41996,0.00000364,https://github.com/ARPSyndicate/cve-scores,ARPSyndicate/cve-scores,357427484
CVE-2022-41996,0.00000363,https://github.com/scmanjarrez/CVEScannerV2DB,scmanjarrez/CVEScannerV2DB,394995609
CVE-2022-41996,0.00000362,https://github.com/Live-Hack-CVE/full_database,Live-Hack-CVE/full_database,603381678
CVE-2022-41996,0.00000345,https://github.com/kston83/cvss-te,kston83/cvss-te,940980546
CVE-2022-41996,0.00000345,https://github.com/Galeax/CVE2CAPEC,Galeax/CVE2CAPEC,874674117
CVE-2022-41996,0.00000323,https://github.com/BenjiTrapp/cisa-known-vuln-scraper,BenjiTrapp/cisa-known-vuln-scraper,669852222
CVE-2022-41996,0.00000323,https://github.com/kaRaGODDD/cve_database,kaRaGODDD/cve_database,747924426
CVE-2022-41996,0.00000306,https://github.com/g33kb00m/CVE2Chinese,g33kb00m/CVE2Chinese,582653564
