match,match_weight,repo_url,repo_full_name,repo_id
CVE-2009-1571,0.00111111,https://github.com/SourceCodeBackup/exploits-backup,SourceCodeBackup/exploits-backup,36551455
CVE-2009-1571,0.00033807,https://github.com/teletautala/fullypwnd,teletautala/fullypwnd,4703202
CVE-2009-1571,0.00024062,https://github.com/ishell/Exploits-Archives,ishell/Exploits-Archives,18521173
CVE-2009-1571,0.00018546,https://github.com/ajvarela/amadeus-exploit,ajvarela/amadeus-exploit,535780576
CVE-2009-1571,0.00013103,https://github.com/sepehrdaddev/0day-today-exploits,sepehrdaddev/0day-today-exploits,272052072
CVE-2009-1571,0.00006087,https://github.com/fedoraredteam/elem,fedoraredteam/elem,98762032
CVE-2009-1571,0.00006086,https://github.com/redteam-project/lem,redteam-project/lem,171368898
CVE-2009-1571,0.00004153,https://github.com/talking2wall/Vulnerabilities-Exploits-Analysis,talking2wall/Vulnerabilities-Exploits-Analysis,443149726
CVE-2009-1571,0.00002714,https://github.com/kaismax/CVE-Poc,kaismax/CVE-Poc,462788135
CVE-2009-1571,0.00001465,https://github.com/SkyBelll/CVE-PoC,SkyBelll/CVE-PoC,585756450
CVE-2009-1571,0.00001463,https://github.com/ChaoticWagon/Llama3.2_CVE,ChaoticWagon/Llama3.2_CVE,869139798
CVE-2009-1571,0.00001435,https://github.com/michaelglass/holey-moley,michaelglass/holey-moley,556068
CVE-2009-1571,0.00001324,https://github.com/CVEDB/cve-poc,CVEDB/cve-poc,617748045
CVE-2009-1571,0.00001319,https://github.com/w3security/PoCVE,w3security/PoCVE,606657364
CVE-2009-1571,0.00001186,https://github.com/scipag/vulscan,scipag/vulscan,84558222
CVE-2009-1571,0.00001031,https://github.com/afonsovitorio/cve_sandbox,afonsovitorio/cve_sandbox,756917322
CVE-2009-1571,0.00000905,https://github.com/0xMarcio/cve,0xMarcio/cve,805332779
CVE-2009-1571,0.00000895,https://github.com/cve-sandbox-bot/cve_sandbox,cve-sandbox-bot/cve_sandbox,761136511
CVE-2009-1571,0.00000713,https://github.com/trickest/cve,trickest/cve,454015416
CVE-2009-1571,0.00000673,https://github.com/meelunae/exploitability_prediction,meelunae/exploitability_prediction,612770665
CVE-2009-1571,0.00000665,https://github.com/NadimKawwa/Cyber_Threat_Identification,NadimKawwa/Cyber_Threat_Identification,318011542
CVE-2009-1571,0.00000629,https://github.com/Vasileios-Mavroeidis/semantic-stix-vulnerability,Vasileios-Mavroeidis/semantic-stix-vulnerability,392265661
CVE-2009-1571,0.00000570,https://github.com/Yuning-J/VulnerabilityClassifier,Yuning-J/VulnerabilityClassifier,429349871
CVE-2009-1571,0.00000553,https://github.com/jgamblin/EPSSNVD,jgamblin/EPSSNVD,457057905
CVE-2009-1571,0.00000432,https://github.com/gmatuz/inthewilddb,gmatuz/inthewilddb,404367677
CVE-2009-1571,0.00000394,https://github.com/omok314159/CVE_Stat_2024,omok314159/CVE_Stat_2024,937828154
CVE-2009-1571,0.00000364,https://github.com/ARPSyndicate/cve-scores,ARPSyndicate/cve-scores,962405860
CVE-2009-1571,0.00000364,https://github.com/ARPSyndicate/cve-scores,ARPSyndicate/cve-scores,357427484
CVE-2009-1571,0.00000363,https://github.com/scmanjarrez/CVEScannerV2DB,scmanjarrez/CVEScannerV2DB,394995609
CVE-2009-1571,0.00000362,https://github.com/Live-Hack-CVE/full_database,Live-Hack-CVE/full_database,603381678
CVE-2009-1571,0.00000345,https://github.com/Galeax/CVE2CAPEC,Galeax/CVE2CAPEC,874674117
CVE-2009-1571,0.00000345,https://github.com/kston83/cvss-te,kston83/cvss-te,940980546
CVE-2009-1571,0.00000323,https://github.com/BenjiTrapp/cisa-known-vuln-scraper,BenjiTrapp/cisa-known-vuln-scraper,669852222
CVE-2009-1571,0.00000323,https://github.com/kaRaGODDD/cve_database,kaRaGODDD/cve_database,747924426
CVE-2009-1571,0.00000306,https://github.com/g33kb00m/CVE2Chinese,g33kb00m/CVE2Chinese,582653564
