repo_id,repo_full_name,file,file_sha1,match
845746668,ZeroPathAI/Fonoster-LFI-PoC,README.md,fe2269545fa2ce259bc39e83f26d1886518bbcd0,CVE-2024-43035
845746668,ZeroPathAI/Fonoster-LFI-PoC,_GITHUB_REPO_METADATA_,,CVE-2024-43035
