match,match_weight,repo_url,repo_full_name,repo_id
CVE-2023-47528,0.00019179,https://github.com/arkede/cve-2023,arkede/cve-2023,956982314
CVE-2023-47528,0.00003458,https://github.com/adysec/nuclei_poc,adysec/nuclei_poc,797010442
CVE-2023-47528,0.00000713,https://github.com/trickest/cve,trickest/cve,454015416
CVE-2023-47528,0.00000394,https://github.com/omok314159/CVE_Stat_2024,omok314159/CVE_Stat_2024,937828154
CVE-2023-47528,0.00000364,https://github.com/ARPSyndicate/cve-scores,ARPSyndicate/cve-scores,962405860
CVE-2023-47528,0.00000364,https://github.com/ARPSyndicate/cve-scores,ARPSyndicate/cve-scores,357427484
CVE-2023-47528,0.00000363,https://github.com/scmanjarrez/CVEScannerV2DB,scmanjarrez/CVEScannerV2DB,394995609
CVE-2023-47528,0.00000345,https://github.com/kston83/cvss-te,kston83/cvss-te,940980546
CVE-2023-47528,0.00000345,https://github.com/Galeax/CVE2CAPEC,Galeax/CVE2CAPEC,874674117
CVE-2023-47528,0.00000323,https://github.com/BenjiTrapp/cisa-known-vuln-scraper,BenjiTrapp/cisa-known-vuln-scraper,669852222
CVE-2023-47528,0.00000323,https://github.com/kaRaGODDD/cve_database,kaRaGODDD/cve_database,747924426
