match,match_weight,repo_url,repo_full_name,repo_id
CVE-2022-1011,1.00000000,https://github.com/xkaneiki/CVE-2022-1011,xkaneiki/CVE-2022-1011,654390552
CVE-2022-1011,0.20000000,https://github.com/InfoSec-DB/ModBusPwn,InfoSec-DB/ModBusPwn,929745387
CVE-2022-1011,0.00423729,https://github.com/alleleintel/research,alleleintel/research,170729722
CVE-2022-1011,0.00156740,https://github.com/indeedion/CVETools,indeedion/CVETools,469461290
CVE-2022-1011,0.00037707,https://github.com/kaRaGODDD/Cve-with-their-PoC-s,kaRaGODDD/Cve-with-their-PoC-s,750837859
CVE-2022-1011,0.00021039,https://github.com/kaRaGODDD/Cve-with-thier-PoC-s,kaRaGODDD/Cve-with-thier-PoC-s,754747508
CVE-2022-1011,0.00018443,https://github.com/kaRaGODDD/Cve-with-their-PoC-s,kaRaGODDD/Cve-with-their-PoC-s,756866150
CVE-2022-1011,0.00017886,https://github.com/trickest/containers,trickest/containers,469439874
CVE-2022-1011,0.00014899,https://github.com/tg12/PoC_CVEs,tg12/PoC_CVEs,543120512
CVE-2022-1011,0.00013763,https://github.com/nomi-sec/PoC-in-GitHub,nomi-sec/PoC-in-GitHub,226668668
CVE-2022-1011,0.00012369,https://github.com/126789t/poc_everyday,126789t/poc_everyday,901594790
CVE-2022-1011,0.00012035,https://github.com/ycdxsb/PocOrExp_in_Github,ycdxsb/PocOrExp_in_Github,357437766
CVE-2022-1011,0.00009367,https://github.com/Live-Hack-CVE/POC,Live-Hack-CVE/POC,619822673
CVE-2022-1011,0.00008883,https://github.com/LDrakura/CVE-Monitor,LDrakura/CVE-Monitor,535930698
CVE-2022-1011,0.00007049,https://github.com/sari3l/Poc-Monitor,sari3l/Poc-Monitor,503688932
CVE-2022-1011,0.00005761,https://github.com/adminlove520/Poc-Monitor_v1.0.1,adminlove520/Poc-Monitor_v1.0.1,585471029
CVE-2022-1011,0.00003960,https://github.com/adminlove520/cnvd,adminlove520/cnvd,531908311
CVE-2022-1011,0.00002046,https://github.com/jsteinberg4/cve-retrieval,jsteinberg4/cve-retrieval,577043003
CVE-2022-1011,0.00001598,https://github.com/leesinz/crush,leesinz/crush,751271973
CVE-2022-1011,0.00001465,https://github.com/SkyBelll/CVE-PoC,SkyBelll/CVE-PoC,585756450
CVE-2022-1011,0.00001463,https://github.com/ChaoticWagon/Llama3.2_CVE,ChaoticWagon/Llama3.2_CVE,869139798
CVE-2022-1011,0.00001324,https://github.com/CVEDB/cve-poc,CVEDB/cve-poc,617748045
CVE-2022-1011,0.00001319,https://github.com/w3security/PoCVE,w3security/PoCVE,606657364
CVE-2022-1011,0.00001219,https://github.com/hellmaxx/Vulnerability-and-exploit-collector-and-map-for-information-security-analytics,hellmaxx/Vulnerability-and-exploit-collector-and-map-for-information-security-analytics,613327762
CVE-2022-1011,0.00001031,https://github.com/afonsovitorio/cve_sandbox,afonsovitorio/cve_sandbox,756917322
CVE-2022-1011,0.00000905,https://github.com/0xMarcio/cve,0xMarcio/cve,805332779
CVE-2022-1011,0.00000895,https://github.com/cve-sandbox-bot/cve_sandbox,cve-sandbox-bot/cve_sandbox,761136511
CVE-2022-1011,0.00000715,https://github.com/trickest/cve,trickest/cve,454015416
CVE-2022-1011,0.00000553,https://github.com/jgamblin/EPSSNVD,jgamblin/EPSSNVD,457057905
CVE-2022-1011,0.00000473,https://github.com/zer0daysec/CNVD-SharedVulData-XML,zer0daysec/CNVD-SharedVulData-XML,724578396
CVE-2022-1011,0.00000472,https://github.com/zhangkaibin0921/cnvd_official_data_and_spider,zhangkaibin0921/cnvd_official_data_and_spider,731956729
CVE-2022-1011,0.00000432,https://github.com/gmatuz/inthewilddb,gmatuz/inthewilddb,404367677
CVE-2022-1011,0.00000394,https://github.com/omok314159/CVE_Stat_2024,omok314159/CVE_Stat_2024,937828154
CVE-2022-1011,0.00000366,https://github.com/scmanjarrez/CVEScannerV2DB,scmanjarrez/CVEScannerV2DB,394995609
CVE-2022-1011,0.00000365,https://github.com/ARPSyndicate/cve-scores,ARPSyndicate/cve-scores,357427484
CVE-2022-1011,0.00000364,https://github.com/ARPSyndicate/cve-scores,ARPSyndicate/cve-scores,962405860
CVE-2022-1011,0.00000362,https://github.com/Live-Hack-CVE/full_database,Live-Hack-CVE/full_database,603381678
CVE-2022-1011,0.00000345,https://github.com/Galeax/CVE2CAPEC,Galeax/CVE2CAPEC,874674117
CVE-2022-1011,0.00000345,https://github.com/kston83/cvss-te,kston83/cvss-te,940980546
CVE-2022-1011,0.00000323,https://github.com/BenjiTrapp/cisa-known-vuln-scraper,BenjiTrapp/cisa-known-vuln-scraper,669852222
CVE-2022-1011,0.00000323,https://github.com/kaRaGODDD/cve_database,kaRaGODDD/cve_database,747924426
CVE-2022-1011,0.00000306,https://github.com/g33kb00m/CVE2Chinese,g33kb00m/CVE2Chinese,582653564
