match,match_weight,repo_url,repo_full_name,repo_id
CVE-2024-48887,1.00000000,https://github.com/groshi215/CVE-2024-48887-Exploit,groshi215/CVE-2024-48887-Exploit,963920494
CVE-2024-48887,1.00000000,https://github.com/cybersecplayground/CVE-2024-48887-FortiSwitch-Exploit,cybersecplayground/CVE-2024-48887-FortiSwitch-Exploit,963440836
CVE-2024-48887,1.00000000,https://github.com/IndominusRexes/CVE-2024-48887-Exploit,IndominusRexes/CVE-2024-48887-Exploit,958076194
CVE-2024-48887,0.03030303,https://github.com/matheo-lm/beep,matheo-lm/beep,897637397
CVE-2024-48887,0.00164474,https://github.com/arschlochnop/VulnWatchdog,arschlochnop/VulnWatchdog,949349630
CVE-2024-48887,0.00067889,https://github.com/MMarch7/CVE_POC_monitor,MMarch7/CVE_POC_monitor,933043669
CVE-2024-48887,0.00056850,https://github.com/XiaomingX/data-cve-poc,XiaomingX/data-cve-poc,886411500
CVE-2024-48887,0.00027152,https://github.com/rix4uni/cvemapping,rix4uni/cvemapping,871548433
CVE-2024-48887,0.00013742,https://github.com/nomi-sec/PoC-in-GitHub,nomi-sec/PoC-in-GitHub,226668668
CVE-2024-48887,0.00012000,https://github.com/ycdxsb/PocOrExp_in_Github,ycdxsb/PocOrExp_in_Github,357437766
CVE-2024-48887,0.00007043,https://github.com/sari3l/Poc-Monitor,sari3l/Poc-Monitor,503688932
CVE-2024-48887,0.00005757,https://github.com/adminlove520/Poc-Monitor_v1.0.1,adminlove520/Poc-Monitor_v1.0.1,585471029
CVE-2024-48887,0.00000713,https://github.com/trickest/cve,trickest/cve,454015416
CVE-2024-48887,0.00000364,https://github.com/ARPSyndicate/cve-scores,ARPSyndicate/cve-scores,962405860
CVE-2024-48887,0.00000364,https://github.com/ARPSyndicate/cve-scores,ARPSyndicate/cve-scores,357427484
CVE-2024-48887,0.00000363,https://github.com/scmanjarrez/CVEScannerV2DB,scmanjarrez/CVEScannerV2DB,394995609
CVE-2024-48887,0.00000345,https://github.com/Galeax/CVE2CAPEC,Galeax/CVE2CAPEC,874674117
CVE-2024-48887,0.00000345,https://github.com/kston83/cvss-te,kston83/cvss-te,940980546
