match,match_weight,repo_url,repo_full_name,repo_id
CVE-2023-49712,0.00000350,https://github.com/kston83/cvss-te,kston83/cvss-te,940980546
CVE-2023-49712,0.00000349,https://github.com/Galeax/CVE2CAPEC,Galeax/CVE2CAPEC,874674117
CVE-2023-49712,0.00000323,https://github.com/BenjiTrapp/cisa-known-vuln-scraper,BenjiTrapp/cisa-known-vuln-scraper,669852222
CVE-2023-49712,0.00000323,https://github.com/kaRaGODDD/cve_database,kaRaGODDD/cve_database,747924426
