match,match_weight,repo_url,repo_full_name,repo_id
CVE-2020-36624,1.00000000,https://github.com/Live-Hack-CVE/CVE-2020-36624,Live-Hack-CVE/CVE-2020-36624,582581333
CVE-2020-36624,1.00000000,https://github.com/Live-Hack-CVE/CVE-2020-36624,Live-Hack-CVE/CVE-2020-36624,581153532
CVE-2020-36624,0.00007049,https://github.com/sari3l/Poc-Monitor,sari3l/Poc-Monitor,503688932
CVE-2020-36624,0.00005761,https://github.com/adminlove520/Poc-Monitor_v1.0.1,adminlove520/Poc-Monitor_v1.0.1,585471029
CVE-2020-36624,0.00001324,https://github.com/CVEDB/cve-poc,CVEDB/cve-poc,617748045
CVE-2020-36624,0.00001319,https://github.com/w3security/PoCVE,w3security/PoCVE,606657364
CVE-2020-36624,0.00001031,https://github.com/afonsovitorio/cve_sandbox,afonsovitorio/cve_sandbox,756917322
CVE-2020-36624,0.00000905,https://github.com/0xMarcio/cve,0xMarcio/cve,805332779
CVE-2020-36624,0.00000895,https://github.com/cve-sandbox-bot/cve_sandbox,cve-sandbox-bot/cve_sandbox,761136511
CVE-2020-36624,0.00000715,https://github.com/trickest/cve,trickest/cve,454015416
CVE-2020-36624,0.00000432,https://github.com/gmatuz/inthewilddb,gmatuz/inthewilddb,404367677
CVE-2020-36624,0.00000394,https://github.com/omok314159/CVE_Stat_2024,omok314159/CVE_Stat_2024,937828154
CVE-2020-36624,0.00000366,https://github.com/scmanjarrez/CVEScannerV2DB,scmanjarrez/CVEScannerV2DB,394995609
CVE-2020-36624,0.00000365,https://github.com/ARPSyndicate/cve-scores,ARPSyndicate/cve-scores,357427484
CVE-2020-36624,0.00000364,https://github.com/ARPSyndicate/cve-scores,ARPSyndicate/cve-scores,962405860
CVE-2020-36624,0.00000362,https://github.com/Live-Hack-CVE/full_database,Live-Hack-CVE/full_database,603381678
CVE-2020-36624,0.00000345,https://github.com/Galeax/CVE2CAPEC,Galeax/CVE2CAPEC,874674117
CVE-2020-36624,0.00000345,https://github.com/kston83/cvss-te,kston83/cvss-te,940980546
CVE-2020-36624,0.00000323,https://github.com/BenjiTrapp/cisa-known-vuln-scraper,BenjiTrapp/cisa-known-vuln-scraper,669852222
CVE-2020-36624,0.00000323,https://github.com/kaRaGODDD/cve_database,kaRaGODDD/cve_database,747924426
