match,match_weight,repo_url,repo_full_name,repo_id
CVE-2024-5747,0.00000349,https://github.com/Galeax/CVE2CAPEC,Galeax/CVE2CAPEC,874674117
CVE-2024-5747,0.00000348,https://github.com/kston83/cvss-te,kston83/cvss-te,940980546
