match,match_weight,repo_url,repo_full_name,repo_id
CVE-2021-36878,1.00000000,https://github.com/AIPOCAI/CVE-2021-36878,AIPOCAI/CVE-2021-36878,413768133
CVE-2021-36878,0.00043346,https://github.com/arkede/cve-2021,arkede/cve-2021,956982218
CVE-2021-36878,0.00003960,https://github.com/adminlove520/cnvd,adminlove520/cnvd,531908311
CVE-2021-36878,0.00003459,https://github.com/adysec/nuclei_poc,adysec/nuclei_poc,797010442
CVE-2021-36878,0.00002714,https://github.com/kaismax/CVE-Poc,kaismax/CVE-Poc,462788135
CVE-2021-36878,0.00002046,https://github.com/jsteinberg4/cve-retrieval,jsteinberg4/cve-retrieval,577043003
CVE-2021-36878,0.00001465,https://github.com/SkyBelll/CVE-PoC,SkyBelll/CVE-PoC,585756450
CVE-2021-36878,0.00001319,https://github.com/w3security/PoCVE,w3security/PoCVE,606657364
CVE-2021-36878,0.00001219,https://github.com/hellmaxx/Vulnerability-and-exploit-collector-and-map-for-information-security-analytics,hellmaxx/Vulnerability-and-exploit-collector-and-map-for-information-security-analytics,613327762
CVE-2021-36878,0.00001085,https://github.com/samvho/exploit_prediction,samvho/exploit_prediction,454109614
CVE-2021-36878,0.00001031,https://github.com/afonsovitorio/cve_sandbox,afonsovitorio/cve_sandbox,756917322
CVE-2021-36878,0.00000905,https://github.com/0xMarcio/cve,0xMarcio/cve,805332779
CVE-2021-36878,0.00000895,https://github.com/cve-sandbox-bot/cve_sandbox,cve-sandbox-bot/cve_sandbox,761136511
CVE-2021-36878,0.00000713,https://github.com/trickest/cve,trickest/cve,454015416
CVE-2021-36878,0.00000570,https://github.com/Yuning-J/VulnerabilityClassifier,Yuning-J/VulnerabilityClassifier,429349871
CVE-2021-36878,0.00000553,https://github.com/jgamblin/EPSSNVD,jgamblin/EPSSNVD,457057905
CVE-2021-36878,0.00000473,https://github.com/zer0daysec/CNVD-SharedVulData-XML,zer0daysec/CNVD-SharedVulData-XML,724578396
CVE-2021-36878,0.00000472,https://github.com/zhangkaibin0921/cnvd_official_data_and_spider,zhangkaibin0921/cnvd_official_data_and_spider,731956729
CVE-2021-36878,0.00000432,https://github.com/gmatuz/inthewilddb,gmatuz/inthewilddb,404367677
CVE-2021-36878,0.00000394,https://github.com/omok314159/CVE_Stat_2024,omok314159/CVE_Stat_2024,937828154
CVE-2021-36878,0.00000366,https://github.com/scmanjarrez/CVEScannerV2DB,scmanjarrez/CVEScannerV2DB,394995609
CVE-2021-36878,0.00000364,https://github.com/ARPSyndicate/cve-scores,ARPSyndicate/cve-scores,962405860
CVE-2021-36878,0.00000364,https://github.com/ARPSyndicate/cve-scores,ARPSyndicate/cve-scores,357427484
CVE-2021-36878,0.00000362,https://github.com/Live-Hack-CVE/full_database,Live-Hack-CVE/full_database,603381678
CVE-2021-36878,0.00000345,https://github.com/Galeax/CVE2CAPEC,Galeax/CVE2CAPEC,874674117
CVE-2021-36878,0.00000345,https://github.com/kston83/cvss-te,kston83/cvss-te,940980546
CVE-2021-36878,0.00000323,https://github.com/BenjiTrapp/cisa-known-vuln-scraper,BenjiTrapp/cisa-known-vuln-scraper,669852222
CVE-2021-36878,0.00000323,https://github.com/kaRaGODDD/cve_database,kaRaGODDD/cve_database,747924426
CVE-2021-36878,0.00000306,https://github.com/g33kb00m/CVE2Chinese,g33kb00m/CVE2Chinese,582653564
