match,match_weight,repo_url,repo_full_name,repo_id
CVE-2024-11298,0.00000952,https://github.com/fullsendit-sj235/Vulnerability-Scanning-and-Exploit-Prediction,fullsendit-sj235/Vulnerability-Scanning-and-Exploit-Prediction,920751179
CVE-2024-11298,0.00000350,https://github.com/kston83/cvss-te,kston83/cvss-te,940980546
CVE-2024-11298,0.00000349,https://github.com/Galeax/CVE2CAPEC,Galeax/CVE2CAPEC,874674117
CVE-2024-11298,0.00000323,https://github.com/BenjiTrapp/cisa-known-vuln-scraper,BenjiTrapp/cisa-known-vuln-scraper,669852222
