match,match_weight,repo_url,repo_full_name,repo_id
CVE-2021-32125,0.00001324,https://github.com/CVEDB/cve-poc,CVEDB/cve-poc,617748045
CVE-2021-32125,0.00001319,https://github.com/w3security/PoCVE,w3security/PoCVE,606657364
CVE-2021-32125,0.00001031,https://github.com/afonsovitorio/cve_sandbox,afonsovitorio/cve_sandbox,756917322
CVE-2021-32125,0.00000905,https://github.com/0xMarcio/cve,0xMarcio/cve,805332779
CVE-2021-32125,0.00000895,https://github.com/cve-sandbox-bot/cve_sandbox,cve-sandbox-bot/cve_sandbox,761136511
CVE-2021-32125,0.00000787,https://github.com/trickest/cve,trickest/cve,454015416
CVE-2021-32125,0.00000306,https://github.com/g33kb00m/CVE2Chinese,g33kb00m/CVE2Chinese,582653564
