match,match_weight,repo_url,repo_full_name,repo_id
CVE-2024-50485,1.00000000,https://github.com/RandomRobbieBF/CVE-2024-50485,RandomRobbieBF/CVE-2024-50485,883716846
CVE-2024-50485,0.00056948,https://github.com/XiaomingX/data-cve-poc,XiaomingX/data-cve-poc,886411500
CVE-2024-50485,0.00027196,https://github.com/rix4uni/cvemapping,rix4uni/cvemapping,871548433
CVE-2024-50485,0.00014899,https://github.com/tg12/PoC_CVEs,tg12/PoC_CVEs,543120512
CVE-2024-50485,0.00013755,https://github.com/nomi-sec/PoC-in-GitHub,nomi-sec/PoC-in-GitHub,226668668
CVE-2024-50485,0.00012369,https://github.com/126789t/poc_everyday,126789t/poc_everyday,901594790
CVE-2024-50485,0.00012013,https://github.com/ycdxsb/PocOrExp_in_Github,ycdxsb/PocOrExp_in_Github,357437766
CVE-2024-50485,0.00010774,https://github.com/arkede/cve-2024,arkede/cve-2024,956982362
CVE-2024-50485,0.00007047,https://github.com/sari3l/Poc-Monitor,sari3l/Poc-Monitor,503688932
CVE-2024-50485,0.00005759,https://github.com/adminlove520/Poc-Monitor_v1.0.1,adminlove520/Poc-Monitor_v1.0.1,585471029
CVE-2024-50485,0.00003459,https://github.com/adysec/nuclei_poc,adysec/nuclei_poc,797010442
CVE-2024-50485,0.00000952,https://github.com/fullsendit-sj235/Vulnerability-Scanning-and-Exploit-Prediction,fullsendit-sj235/Vulnerability-Scanning-and-Exploit-Prediction,920751179
CVE-2024-50485,0.00000714,https://github.com/trickest/cve,trickest/cve,454015416
CVE-2024-50485,0.00000394,https://github.com/omok314159/CVE_Stat_2024,omok314159/CVE_Stat_2024,937828154
CVE-2024-50485,0.00000366,https://github.com/scmanjarrez/CVEScannerV2DB,scmanjarrez/CVEScannerV2DB,394995609
CVE-2024-50485,0.00000364,https://github.com/ARPSyndicate/cve-scores,ARPSyndicate/cve-scores,962405860
CVE-2024-50485,0.00000364,https://github.com/ARPSyndicate/cve-scores,ARPSyndicate/cve-scores,357427484
CVE-2024-50485,0.00000345,https://github.com/Galeax/CVE2CAPEC,Galeax/CVE2CAPEC,874674117
CVE-2024-50485,0.00000345,https://github.com/kston83/cvss-te,kston83/cvss-te,940980546
CVE-2024-50485,0.00000323,https://github.com/BenjiTrapp/cisa-known-vuln-scraper,BenjiTrapp/cisa-known-vuln-scraper,669852222
