match,match_weight,repo_url,repo_full_name,repo_id
CVE-2020-239722,0.00003950,https://github.com/adysec/nuclei_poc,adysec/nuclei_poc,797010442
