match,match_weight,repo_url,repo_full_name,repo_id
CVE-2020-5047,0.00010325,https://github.com/f0ns1/CVE-2020,f0ns1/CVE-2020,353048821
CVE-2020-5047,0.00003507,https://github.com/rayan776/predict_cve_exploited,rayan776/predict_cve_exploited,504828540
CVE-2020-5047,0.00002046,https://github.com/jsteinberg4/cve-retrieval,jsteinberg4/cve-retrieval,577043003
CVE-2020-5047,0.00000570,https://github.com/Yuning-J/VulnerabilityClassifier,Yuning-J/VulnerabilityClassifier,429349871
CVE-2020-5047,0.00000432,https://github.com/gmatuz/inthewilddb,gmatuz/inthewilddb,404367677
CVE-2020-5047,0.00000357,https://github.com/kston83/cvss-te,kston83/cvss-te,940980546
CVE-2020-5047,0.00000349,https://github.com/Galeax/CVE2CAPEC,Galeax/CVE2CAPEC,874674117
CVE-2020-5047,0.00000323,https://github.com/BenjiTrapp/cisa-known-vuln-scraper,BenjiTrapp/cisa-known-vuln-scraper,669852222
CVE-2020-5047,0.00000323,https://github.com/kaRaGODDD/cve_database,kaRaGODDD/cve_database,747924426
CVE-2020-5047,0.00000306,https://github.com/g33kb00m/CVE2Chinese,g33kb00m/CVE2Chinese,582653564
