match,match_weight,repo_url,repo_full_name,repo_id
CVE-2016-10012,0.50000000,https://github.com/Live-Hack-CVE/CVE-2016-10012,Live-Hack-CVE/CVE-2016-10012,581356301
CVE-2016-10012,0.25000000,https://github.com/cqmba/rl-networkattack,cqmba/rl-networkattack,398054464
CVE-2016-10012,0.04761905,https://github.com/ThatNotEasy/CVE-2024-6387,ThatNotEasy/CVE-2024-6387,829031934
CVE-2016-10012,0.04761905,https://github.com/SiberianHacker/CVE-2024-6387-Finder,SiberianHacker/CVE-2024-6387-Finder,824639761
CVE-2016-10012,0.04761905,https://github.com/bigb0x/CVE-2024-6387,bigb0x/CVE-2024-6387,822792125
CVE-2016-10012,0.01250000,https://github.com/vshaliii/Basic-Pentesting-2-Vulnhub-Walkthrough,vshaliii/Basic-Pentesting-2-Vulnhub-Walkthrough,370631179
CVE-2016-10012,0.00689655,https://github.com/pedro-coelho-dr/metasploitable,pedro-coelho-dr/metasploitable,944653035
CVE-2016-10012,0.00109890,https://github.com/retr0-13/cveScannerV2,retr0-13/cveScannerV2,468303610
CVE-2016-10012,0.00088496,https://github.com/scmanjarrez/CVEScannerV2,scmanjarrez/CVEScannerV2,394989237
CVE-2016-10012,0.00057604,https://github.com/cankevinlaurent/secsensor,cankevinlaurent/secsensor,230999626
CVE-2016-10012,0.00031162,https://github.com/zgimszhd61/CVE-PoC-ThreatHub,zgimszhd61/CVE-PoC-ThreatHub,879256343
CVE-2016-10012,0.00027189,https://github.com/rix4uni/cvemapping,rix4uni/cvemapping,871548433
CVE-2016-10012,0.00017886,https://github.com/trickest/containers,trickest/containers,469439874
CVE-2016-10012,0.00007046,https://github.com/sari3l/Poc-Monitor,sari3l/Poc-Monitor,503688932
CVE-2016-10012,0.00006087,https://github.com/fedoraredteam/elem,fedoraredteam/elem,98762032
CVE-2016-10012,0.00006086,https://github.com/redteam-project/lem,redteam-project/lem,171368898
CVE-2016-10012,0.00005836,https://github.com/florayfr1/Vulnerability-Exploitation-Predition,florayfr1/Vulnerability-Exploitation-Predition,420198517
CVE-2016-10012,0.00005759,https://github.com/adminlove520/Poc-Monitor_v1.0.1,adminlove520/Poc-Monitor_v1.0.1,585471029
CVE-2016-10012,0.00004090,https://github.com/BMaChina/cnvd_database,BMaChina/cnvd_database,90101928
CVE-2016-10012,0.00002714,https://github.com/kaismax/CVE-Poc,kaismax/CVE-Poc,462788135
CVE-2016-10012,0.00002386,https://github.com/kreattang/Collecting_CNVD_Dataset,kreattang/Collecting_CNVD_Dataset,188338231
CVE-2016-10012,0.00001598,https://github.com/leesinz/crush,leesinz/crush,751271973
CVE-2016-10012,0.00001517,https://github.com/patrickmpalmer/exploit-prediction-calculator,patrickmpalmer/exploit-prediction-calculator,244423496
CVE-2016-10012,0.00001465,https://github.com/SkyBelll/CVE-PoC,SkyBelll/CVE-PoC,585756450
CVE-2016-10012,0.00001432,https://github.com/just3019/CNVD-updater,just3019/CNVD-updater,284659876
CVE-2016-10012,0.00001324,https://github.com/CVEDB/cve-poc,CVEDB/cve-poc,617748045
CVE-2016-10012,0.00001319,https://github.com/w3security/PoCVE,w3security/PoCVE,606657364
CVE-2016-10012,0.00001186,https://github.com/scipag/vulscan,scipag/vulscan,84558222
CVE-2016-10012,0.00001085,https://github.com/samvho/exploit_prediction,samvho/exploit_prediction,454109614
CVE-2016-10012,0.00001031,https://github.com/afonsovitorio/cve_sandbox,afonsovitorio/cve_sandbox,756917322
CVE-2016-10012,0.00000905,https://github.com/0xMarcio/cve,0xMarcio/cve,805332779
CVE-2016-10012,0.00000895,https://github.com/cve-sandbox-bot/cve_sandbox,cve-sandbox-bot/cve_sandbox,761136511
CVE-2016-10012,0.00000713,https://github.com/trickest/cve,trickest/cve,454015416
CVE-2016-10012,0.00000673,https://github.com/meelunae/exploitability_prediction,meelunae/exploitability_prediction,612770665
CVE-2016-10012,0.00000665,https://github.com/NadimKawwa/Cyber_Threat_Identification,NadimKawwa/Cyber_Threat_Identification,318011542
CVE-2016-10012,0.00000629,https://github.com/Vasileios-Mavroeidis/semantic-stix-vulnerability,Vasileios-Mavroeidis/semantic-stix-vulnerability,392265661
CVE-2016-10012,0.00000570,https://github.com/Yuning-J/VulnerabilityClassifier,Yuning-J/VulnerabilityClassifier,429349871
CVE-2016-10012,0.00000553,https://github.com/jgamblin/EPSSNVD,jgamblin/EPSSNVD,457057905
CVE-2016-10012,0.00000473,https://github.com/zer0daysec/CNVD-SharedVulData-XML,zer0daysec/CNVD-SharedVulData-XML,724578396
CVE-2016-10012,0.00000472,https://github.com/zhangkaibin0921/cnvd_official_data_and_spider,zhangkaibin0921/cnvd_official_data_and_spider,731956729
CVE-2016-10012,0.00000432,https://github.com/gmatuz/inthewilddb,gmatuz/inthewilddb,404367677
CVE-2016-10012,0.00000394,https://github.com/omok314159/CVE_Stat_2024,omok314159/CVE_Stat_2024,937828154
CVE-2016-10012,0.00000366,https://github.com/scmanjarrez/CVEScannerV2DB,scmanjarrez/CVEScannerV2DB,394995609
CVE-2016-10012,0.00000364,https://github.com/ARPSyndicate/cve-scores,ARPSyndicate/cve-scores,962405860
CVE-2016-10012,0.00000364,https://github.com/ARPSyndicate/cve-scores,ARPSyndicate/cve-scores,357427484
CVE-2016-10012,0.00000362,https://github.com/Live-Hack-CVE/full_database,Live-Hack-CVE/full_database,603381678
CVE-2016-10012,0.00000345,https://github.com/Galeax/CVE2CAPEC,Galeax/CVE2CAPEC,874674117
CVE-2016-10012,0.00000345,https://github.com/kston83/cvss-te,kston83/cvss-te,940980546
CVE-2016-10012,0.00000323,https://github.com/BenjiTrapp/cisa-known-vuln-scraper,BenjiTrapp/cisa-known-vuln-scraper,669852222
CVE-2016-10012,0.00000323,https://github.com/kaRaGODDD/cve_database,kaRaGODDD/cve_database,747924426
CVE-2016-10012,0.00000306,https://github.com/g33kb00m/CVE2Chinese,g33kb00m/CVE2Chinese,582653564
